8.160617125167208542e+03
1.469332130741589992e+02
5.570424050243381942e+01
3.471092741437388440e+01
2.865390976304162507e+01
2.642670639528817134e+01
2.535716398296233365e+01
2.481691616135714895e+01
2.449857945457766562e+01
2.427642004144708920e+01
2.409986521894784417e+01
2.394880259833624336e+01
2.381491580576102152e+01
2.368995329057662147e+01
2.357523586552373729e+01
2.347369372577893643e+01
2.337985230509712409e+01
2.329220984008228612e+01
2.320811985526282939e+01
2.312745777155183902e+01
2.305104015319322741e+01
2.297771948622623839e+01
2.290899507599759843e+01
2.284619726698517184e+01
2.278927431160948913e+01
2.273437808155332363e+01
2.268251577931793150e+01
2.263610301705437422e+01
2.259256482270486543e+01
2.255146016229804573e+01
2.251375647803094893e+01
2.248168902424474780e+01
2.245061436909116637e+01
2.242115523518355502e+01
2.239291696367637385e+01
2.236527634349103977e+01
2.233902120189595308e+01
2.231421640699934983e+01
2.229023343386318956e+01
2.226744142893954503e+01
2.224507121721026692e+01
2.222349551173158488e+01
2.220337916015541069e+01
2.218366614960094907e+01
2.216437403287520169e+01
2.214684773790481387e+01
2.213024862049647368e+01
2.211366924769956910e+01
2.209861101018612928e+01
2.208607177713009051e+01
2.207361467230175123e+01
2.206186653990978286e+01
2.205049356226507484e+01
2.203968539936627025e+01
2.202899103445096785e+01
2.201967986633371410e+01
2.201068661631619605e+01
2.200256237567998241e+01
2.199549315068133026e+01
2.198885805005953387e+01
2.198247079577971519e+01
2.197602673278863605e+01
2.197003254622669033e+01
2.196422326826521498e+01
2.195833640895344985e+01
2.195298732292078014e+01
2.194755844050160576e+01
2.194330399123988684e+01
2.193934308649902221e+01
2.193565101975045906e+01
2.193226344487592883e+01
2.192871790283791711e+01
2.192552014569492869e+01
2.192211866081718341e+01
2.191893556589539571e+01
2.191559326379351802e+01
2.191267800419827694e+01
2.190997831244835226e+01
2.190720081424008470e+01
2.190455465661096213e+01
2.190191329274657051e+01
2.189948531325634207e+01
2.189706158769824640e+01
2.189476717940745232e+01
2.189247654523408215e+01
2.189002361773174599e+01
2.188778194153013246e+01
2.188583383809603689e+01
2.188363966718388909e+01
2.188169736175161262e+01
2.187950905619423736e+01
2.187773655552380347e+01
2.187625543973853226e+01
2.187489935548579822e+01
2.187284392647849529e+01
2.187140840444735090e+01
2.187018008667509861e+01
2.186895302767522509e+01
2.186764431476517245e+01
2.186608818044367553e+01
