4.777908325195312500e-04
3.823919296264648438e-01
4.864783287048339844e-01
6.326398849487304688e-01
7.689878940582275391e-01
8.968343734741210938e-01
9.951419830322265625e-01
1.099298477172851562e+00
1.219031572341918945e+00
1.352253437042236328e+00
1.444021940231323242e+00
1.510031223297119141e+00
1.588143825531005859e+00
1.652639150619506836e+00
1.799975872039794922e+00
1.928525209426879883e+00
2.072604179382324219e+00
2.258875131607055664e+00
2.462906122207641602e+00
2.614895105361938477e+00
2.785646677017211914e+00
2.935666322708129883e+00
3.103206157684326172e+00
3.221358299255371094e+00
3.384170055389404297e+00
3.498544216156005859e+00
3.629401206970214844e+00
3.763932704925537109e+00
3.910205125808715820e+00
4.052622318267822266e+00
4.183521270751953125e+00
4.373211145401000977e+00
4.520744085311889648e+00
4.689226150512695312e+00
4.900506019592285156e+00
5.053658246994018555e+00
5.282223939895629883e+00
5.429752111434936523e+00
5.556573390960693359e+00
5.739079713821411133e+00
5.882998228073120117e+00
6.053282499313354492e+00
6.184767246246337891e+00
6.331304311752319336e+00
6.427853822708129883e+00
6.522332668304443359e+00
6.651546478271484375e+00
6.758098125457763672e+00
6.851824045181274414e+00
6.991082191467285156e+00
7.052564620971679688e+00
7.151856422424316406e+00
7.259942293167114258e+00
7.367749691009521484e+00
7.437954425811767578e+00
7.536271095275878906e+00
7.668274402618408203e+00
7.754073143005371094e+00
7.901036024093627930e+00
8.014809131622314453e+00
8.137433528900146484e+00
8.218376398086547852e+00
8.366489887237548828e+00
8.480400800704956055e+00
8.609448432922363281e+00
8.698995828628540039e+00
8.818083763122558594e+00
8.919825315475463867e+00
9.057148933410644531e+00
9.198183774948120117e+00
9.346099615097045898e+00
9.471042394638061523e+00
9.581416606903076172e+00
9.710480451583862305e+00
9.867477416992187500e+00
9.985647916793823242e+00
1.011329340934753418e+01
1.022647833824157715e+01
1.038478684425354004e+01
1.053321313858032227e+01
1.066737842559814453e+01
1.079909539222717285e+01
1.094456815719604492e+01
1.105807375907897949e+01
1.115850591659545898e+01
1.131904816627502441e+01
1.145651268959045410e+01
1.157797217369079590e+01
1.170200967788696289e+01
1.184951019287109375e+01
1.194034671783447266e+01
1.202680706977844238e+01
1.215906596183776855e+01
1.222203230857849121e+01
1.233548259735107422e+01
1.248194551467895508e+01
1.261201095581054688e+01
1.273877167701721191e+01
1.285176157951354980e+01
1.295480155944824219e+01
