3.068268882039442360e+02
1.349944488878294919e+02
5.108528292286516148e+01
3.034067999504339141e+01
2.416673922155131393e+01
2.170265845910421021e+01
2.061157363956279909e+01
2.002249961640605846e+01
1.970690941184732736e+01
1.951135564056639993e+01
1.937740413450768528e+01
1.927578352940300377e+01
1.919524952297569698e+01
1.912494114858739280e+01
1.906627249861540818e+01
1.901403471289141578e+01
1.897038680991392567e+01
1.893196767885559950e+01
1.889592150070029675e+01
1.886025090705347651e+01
1.882630478164300669e+01
1.879317520440608646e+01
1.876541971007281617e+01
1.873466803682602944e+01
1.870865219917728339e+01
1.867962312053440144e+01
1.865145476188851958e+01
1.862977217846644606e+01
1.860510568054781189e+01
1.858481624115621855e+01
1.856461996718859453e+01
1.854567353507275840e+01
1.852680506979686825e+01
1.850801407956604550e+01
1.849043813588724561e+01
1.847398656348681811e+01
1.845862130387800448e+01
1.844742230414668427e+01
1.843304371403016262e+01
1.841871222453892187e+01
1.840851770687901379e+01
1.839835828985585309e+01
1.838501430267090697e+01
1.837225251388332836e+01
1.836412412150409779e+01
1.835602000655433130e+01
1.834865731541589184e+01
1.833858518549353533e+01
1.833215369933488148e+01
1.832573830841896978e+01
1.831933895758885100e+01
1.831295559197021561e+01
1.830658815696954989e+01
1.829718307187605575e+01
1.829444678994103413e+01
1.828866809888632616e+01
1.828336946377976702e+01
1.827858981322633980e+01
1.827381927716844245e+01
1.827241324196609895e+01
1.827101309899564896e+01
1.826626538187438342e+01
1.826487796353085713e+01
1.826349640131838115e+01
1.825911448284120908e+01
1.825473849606668608e+01
1.825084791185683386e+01
1.824771216101135707e+01
1.824458033729479212e+01
1.824469971038936933e+01
1.824513026707720087e+01
1.824556339219801870e+01
1.824599908446507612e+01
1.824309341939589046e+01
1.824353438397505300e+01
1.824397791043937289e+01
1.824093260559620688e+01
1.824138053687515537e+01
1.823833953082797876e+01
1.823530097605799938e+01
1.823575514024560462e+01
1.823272086732789177e+01
1.822968903639110039e+01
1.823348652819294458e+01
1.823045774432780775e+01
1.823076720712735010e+01
1.823107780059934768e+01
1.823138952438400651e+01
1.823170237812253447e+01
1.823201636145714133e+01
1.822899607862657945e+01
1.822931240160470523e+01
1.822962985248588552e+01
1.822994843091670347e+01
1.822677415994048289e+01
1.822709450822508259e+01
1.822741598255639772e+01
1.822424448473054781e+01
1.822456772496635580e+01
1.822139835381948103e+01
