3.453533707447874121e+02
1.406743985499180667e+02
5.596519156765504022e+01
3.476205527362996861e+01
2.764494903872424914e+01
2.464629342513681820e+01
2.330762884462111728e+01
2.266135196632730242e+01
2.229620002677192048e+01
2.205834356561251752e+01
2.190745484863344572e+01
2.179059675112601724e+01
2.169144477932584891e+01
2.160315250734312187e+01
2.152780327955705175e+01
2.145698690579944312e+01
2.139268402624268717e+01
2.133713413728089847e+01
2.128470240865782515e+01
2.123265295225049698e+01
2.118345935117968537e+01
2.113459903894248271e+01
2.109162415488126641e+01
2.104581767206962439e+01
2.100581008689750107e+01
2.096293881582562335e+01
2.092031436950470535e+01
2.088338689943802962e+01
2.084356965483269519e+01
2.081054033172794959e+01
2.078062496653314994e+01
2.075421373051253227e+01
2.072812311766261217e+01
2.070258290000095158e+01
2.067904687585046020e+01
2.065561191275308062e+01
2.063227740639786489e+01
2.061381898693998593e+01
2.059236845188947740e+01
2.057099862148954372e+01
2.055445623292301960e+01
2.053797516437268911e+01
2.051919602224517902e+01
2.050132325534163513e+01
2.048798944402047084e+01
2.047469847372364171e+01
2.046145017414271194e+01
2.044523684046329493e+01
2.043352230883076004e+01
2.042183893568104480e+01
2.041018661425971814e+01
2.039856523837966762e+01
2.038697470241731935e+01
2.037241232614432107e+01
2.036530472217944521e+01
2.035521595856376820e+01
2.034514854893569691e+01
2.033510243203718559e+01
2.032507754687682677e+01
2.031947246831970944e+01
2.031388070421716208e+01
2.030390964379431296e+01
2.029834744386334933e+01
2.029279847312923835e+01
2.028426281598670755e+01
2.027574078062628615e+01
2.026723233553043357e+01
2.025873744928938791e+01
2.025025609060064014e+01
2.024615109053238626e+01
2.024205343003018243e+01
2.023796309871518062e+01
2.023420269230648927e+01
2.022671097642800930e+01
2.022333584072496393e+01
2.021996703243998894e+01
2.021362277892365000e+01
2.021026633333028855e+01
2.020393494741084339e+01
2.019761037400676429e+01
2.019427226641612805e+01
2.018796049666624270e+01
2.018165550600295433e+01
2.018242090631806462e+01
2.017612588189662759e+01
2.017391888922067622e+01
2.017171466839166527e+01
2.016951321704097921e+01
2.016731453280461750e+01
2.016511861332322297e+01
2.015885015953083581e+01
2.015666095408103686e+01
2.015447450456192158e+01
2.015229080863489131e+01
2.014713041813209671e+01
2.014495203271365398e+01
2.014277639329658953e+01
2.013762454251935807e+01
2.013545419696160366e+01
2.013030831343519367e+01
