9.427700515135706155e+03
1.397652017854909445e+02
5.610640243875344879e+01
3.477178182485094737e+01
2.793791124710749330e+01
2.534441200309983344e+01
2.415468524589714505e+01
2.352123864948890031e+01
2.316636165755027932e+01
2.293244223809630000e+01
2.277800832121503305e+01
2.265561630540236848e+01
2.255290300765809519e+01
2.246239225154860364e+01
2.237985665115913392e+01
2.230138765243954069e+01
2.223069370722218707e+01
2.216766108399102819e+01
2.211177247183538341e+01
2.206028096678191019e+01
2.201140178608024911e+01
2.196284474535162801e+01
2.192105946373699155e+01
2.187553744460748817e+01
2.183850898417717090e+01
2.179701753720701518e+01
2.175576783477127663e+01
2.172136628933299107e+01
2.168247515797736824e+01
2.165036267703845141e+01
2.161841928458719053e+01
2.158850501209042605e+01
2.156006581469290140e+01
2.153263328314325165e+01
2.150693444341491301e+01
2.148159909591743144e+01
2.145823470104549457e+01
2.144110990476070100e+01
2.141929267222243283e+01
2.139899013195777044e+01
2.138536517326274122e+01
2.137179460505447537e+01
2.135352812118770061e+01
2.133531782577470182e+01
2.132298935830222320e+01
2.131070196208041168e+01
2.129845549342225297e+01
2.128150507820044979e+01
2.127039812861193369e+01
2.125932107501880708e+01
2.124827382645887752e+01
2.123725629243766377e+01
2.122626838292541507e+01
2.121057042592754982e+01
2.120541055362097893e+01
2.119553169573974927e+01
2.118573479960683414e+01
2.117715193170014132e+01
2.116858635589718318e+01
2.116553179784438754e+01
2.116248845058358086e+01
2.115396651244785176e+01
2.115094752417333979e+01
2.114794491006007604e+01
2.114076438363647270e+01
2.113415666697230222e+01
2.112761317412973483e+01
2.112107948717909522e+01
2.111455558683116251e+01
2.111308786285264461e+01
2.111162580116777931e+01
2.111016939678415838e+01
2.110871864472632708e+01
2.110223164340990110e+01
2.110079330073851622e+01
2.109936059217887916e+01
2.109337147634486342e+01
2.109194925671378940e+01
2.108597078617137299e+01
2.107999809238774702e+01
2.107859117392708725e+01
2.107262907851496436e+01
2.106667273476784885e+01
2.107030469192040201e+01
2.106435637178516629e+01
2.106343416678081581e+01
2.106251443977238225e+01
2.106159718935633762e+01
2.106068241413241537e+01
2.105977011270351795e+01
2.105384349124896204e+01
2.105293684726102299e+01
2.105203267142578483e+01
2.105113096236042480e+01
2.104566852911877106e+01
2.104477122591343630e+01
2.104387638457081167e+01
2.103842094527983875e+01
2.103753049820187115e+01
2.103208010229166547e+01
