1.680850982666015625e-04
5.830445289611816406e-01
6.612842082977294922e-01
7.840952873229980469e-01
9.111211299896240234e-01
1.026808023452758789e+00
1.112909555435180664e+00
1.216137170791625977e+00
1.346594572067260742e+00
1.442243576049804688e+00
1.536556005477905273e+00
1.651844978332519531e+00
1.772479534149169922e+00
1.910940885543823242e+00
2.004848003387451172e+00
2.122344732284545898e+00
2.206551074981689453e+00
2.348715543746948242e+00
2.435313224792480469e+00
2.547485113143920898e+00
2.642441987991333008e+00
2.778071641921997070e+00
2.937418460845947266e+00
3.011870622634887695e+00
3.180846214294433594e+00
3.244542598724365234e+00
3.317623376846313477e+00
3.425288200378417969e+00
3.548240423202514648e+00
3.594383001327514648e+00
3.718653678894042969e+00
3.824522256851196289e+00
3.949767827987670898e+00
4.053202867507934570e+00
4.179678440093994141e+00
4.284759998321533203e+00
4.395033121109008789e+00
4.589250326156616211e+00
4.686607360839843750e+00
4.809279441833496094e+00
4.928640604019165039e+00
5.028856277465820312e+00
5.143690824508666992e+00
5.259661912918090820e+00
5.359643697738647461e+00
5.463879823684692383e+00
5.569422721862792969e+00
5.662057876586914062e+00
5.761250495910644531e+00
5.845272779464721680e+00
5.959202527999877930e+00
6.044076204299926758e+00
6.122393131256103516e+00
6.202573776245117188e+00
6.293910264968872070e+00
6.397400379180908203e+00
6.514037609100341797e+00
6.629341840744018555e+00
6.734136104583740234e+00
6.809419870376586914e+00
6.915998220443725586e+00
6.998774290084838867e+00
7.121580123901367188e+00
7.215921878814697266e+00
7.358945131301879883e+00
7.518208503723144531e+00
7.630274057388305664e+00
7.764810323715209961e+00
7.917164802551269531e+00
8.049786567687988281e+00
8.195424079895019531e+00
8.296704292297363281e+00
8.405822992324829102e+00
8.558796644210815430e+00
8.649002552032470703e+00
8.784941911697387695e+00
8.914700508117675781e+00
9.005302429199218750e+00
9.142659664154052734e+00
9.257023334503173828e+00
9.411342382431030273e+00
9.491196155548095703e+00
9.575618982315063477e+00
9.678856611251831055e+00
9.743840217590332031e+00
9.911799669265747070e+00
1.001172924041748047e+01
1.012361049652099609e+01
1.021364307403564453e+01
1.029423022270202637e+01
1.041910457611083984e+01
1.051564264297485352e+01
1.062091040611267090e+01
1.074301767349243164e+01
1.084781360626220703e+01
1.096348953247070312e+01
1.109593701362609863e+01
1.119143915176391602e+01
1.132852506637573242e+01
1.144489932060241699e+01
