2.441406250000000000e-04
8.036692142486572266e-01
8.505344390869140625e-01
9.920537471771240234e-01
1.112276792526245117e+00
1.226392030715942383e+00
1.323239803314208984e+00
1.421089649200439453e+00
1.547363042831420898e+00
1.650703907012939453e+00
1.757887125015258789e+00
1.873278617858886719e+00
1.986371994018554688e+00
2.061844348907470703e+00
2.199416399002075195e+00
2.313705444335937500e+00
2.387440204620361328e+00
2.544220685958862305e+00
2.612306594848632812e+00
2.717577219009399414e+00
2.824877500534057617e+00
2.966682910919189453e+00
3.109529495239257812e+00
3.200977325439453125e+00
3.381208181381225586e+00
3.464533329010009766e+00
3.539327859878540039e+00
3.660593748092651367e+00
3.790921211242675781e+00
3.847207069396972656e+00
3.963202714920043945e+00
4.147615194320678711e+00
4.200954675674438477e+00
4.322757005691528320e+00
4.433989048004150391e+00
4.555151224136352539e+00
4.698425531387329102e+00
4.809474706649780273e+00
4.904438734054565430e+00
5.009842634201049805e+00
5.141020536422729492e+00
5.246675729751586914e+00
5.343647480010986328e+00
5.474742650985717773e+00
5.581710577011108398e+00
5.669717073440551758e+00
5.774874210357666016e+00
5.877139568328857422e+00
5.984082698822021484e+00
6.067100048065185547e+00
6.173357248306274414e+00
6.278192281723022461e+00
6.377606630325317383e+00
6.442094087600708008e+00
6.528518676757812500e+00
6.639374732971191406e+00
6.767278671264648438e+00
6.867954015731811523e+00
6.973428249359130859e+00
7.056155204772949219e+00
7.181377649307250977e+00
7.292282819747924805e+00
7.398865461349487305e+00
7.458602428436279297e+00
7.617645025253295898e+00
7.757840394973754883e+00
7.879934787750244141e+00
8.019045352935791016e+00
8.162001848220825195e+00
8.304843902587890625e+00
8.429254770278930664e+00
8.541788339614868164e+00
8.687492847442626953e+00
8.795654296875000000e+00
8.904887437820434570e+00
9.024739265441894531e+00
9.164541482925415039e+00
9.269303560256958008e+00
9.396116971969604492e+00
9.517315626144409180e+00
9.643172740936279297e+00
9.722158432006835938e+00
9.807880401611328125e+00
9.926381587982177734e+00
1.000053215026855469e+01
1.015823388099670410e+01
1.027894687652587891e+01
1.036051774024963379e+01
1.047408246994018555e+01
1.056341767311096191e+01
1.066007685661315918e+01
1.075444960594177246e+01
1.086274242401123047e+01
1.098187565803527832e+01
1.111579155921936035e+01
1.122372317314147949e+01
1.135359287261962891e+01
1.145402789115905762e+01
1.157888770103454590e+01
1.170991706848144531e+01
