1.649856567382812500e-04
2.485132217407226562e-02
1.061272621154785156e-01
2.270860671997070312e-01
3.569028377532958984e-01
4.666795730590820312e-01
5.589523315429687500e-01
6.580853462219238281e-01
7.893393039703369141e-01
8.821105957031250000e-01
9.937913417816162109e-01
1.102350711822509766e+00
1.199295759201049805e+00
1.275528430938720703e+00
1.434620618820190430e+00
1.528453588485717773e+00
1.638718128204345703e+00
1.780868530273437500e+00
1.863368272781372070e+00
1.934724569320678711e+00
2.062012910842895508e+00
2.206574916839599609e+00
2.353946685791015625e+00
2.434533596038818359e+00
2.602653503417968750e+00
2.670088052749633789e+00
2.734550237655639648e+00
2.829268932342529297e+00
2.950030088424682617e+00
3.023400068283081055e+00
3.119543552398681641e+00
3.253657579421997070e+00
3.378594160079956055e+00
3.452563047409057617e+00
3.582573890686035156e+00
3.683403968811035156e+00
3.822567701339721680e+00
3.980559825897216797e+00
4.072200775146484375e+00
4.189390659332275391e+00
4.324894189834594727e+00
4.412416458129882812e+00
4.523933887481689453e+00
4.672008275985717773e+00
4.754097700119018555e+00
4.862821578979492188e+00
4.962143659591674805e+00
5.062509059906005859e+00
5.165366649627685547e+00
5.262654781341552734e+00
5.369393348693847656e+00
5.443520784378051758e+00
5.546974897384643555e+00
5.625741958618164062e+00
5.720793485641479492e+00
5.804431676864624023e+00
5.911506891250610352e+00
6.033215522766113281e+00
6.136367797851562500e+00
6.237821340560913086e+00
6.345204114913940430e+00
6.426259040832519531e+00
6.551002979278564453e+00
6.634242534637451172e+00
6.752686977386474609e+00
6.918273687362670898e+00
7.055823802947998047e+00
7.161019563674926758e+00
7.331530094146728516e+00
7.450058937072753906e+00
7.593218564987182617e+00
7.724623441696166992e+00
7.832466602325439453e+00
7.985827445983886719e+00
8.080487251281738281e+00
8.197781324386596680e+00
8.333282470703125000e+00
8.432564496994018555e+00
8.571939945220947266e+00
8.683923721313476562e+00
8.814086198806762695e+00
8.917555570602416992e+00
8.996778011322021484e+00
9.085294246673583984e+00
9.161705732345581055e+00
9.336270332336425781e+00
9.411032915115356445e+00
9.544717550277709961e+00
9.637916803359985352e+00
9.719541549682617188e+00
9.820271253585815430e+00
9.916661262512207031e+00
1.004540395736694336e+01
1.017346382141113281e+01
1.027745771408081055e+01
1.039331459999084473e+01
1.052465367317199707e+01
1.062102866172790527e+01
1.073629474639892578e+01
1.087203788757324219e+01
