2.987384796142578125e-04
8.328378200531005859e-01
8.752593994140625000e-01
1.019033670425415039e+00
1.134713411331176758e+00
1.248658418655395508e+00
1.350498914718627930e+00
1.447708129882812500e+00
1.573122978210449219e+00
1.676387786865234375e+00
1.786641120910644531e+00
1.901648759841918945e+00
2.014188051223754883e+00
2.128585577011108398e+00
2.250892639160156250e+00
2.349956035614013672e+00
2.423935890197753906e+00
2.581741094589233398e+00
2.649030447006225586e+00
2.743253946304321289e+00
2.849229812622070312e+00
2.972303867340087891e+00
3.125154733657836914e+00
3.228313446044921875e+00
3.402153253555297852e+00
3.493424654006958008e+00
3.569092512130737305e+00
3.659685134887695312e+00
3.799593925476074219e+00
3.856431961059570312e+00
3.987607717514038086e+00
4.132512092590332031e+00
4.226655721664428711e+00
4.322404623031616211e+00
4.449391126632690430e+00
4.552647829055786133e+00
4.690401792526245117e+00
4.819128513336181641e+00
4.927601814270019531e+00
5.034165382385253906e+00
5.158651828765869141e+00
5.246483087539672852e+00
5.361399888992309570e+00
5.500696420669555664e+00
5.587118148803710938e+00
5.694453239440917969e+00
5.790771007537841797e+00
5.894169569015502930e+00
6.010783433914184570e+00
6.093714237213134766e+00
6.200535774230957031e+00
6.292411804199218750e+00
6.375371694564819336e+00
6.455229520797729492e+00
6.551280021667480469e+00
6.634888410568237305e+00
6.743959426879882812e+00
6.862559795379638672e+00
6.998849868774414062e+00
7.080152511596679688e+00
7.208308935165405273e+00
7.292595863342285156e+00
7.424666643142700195e+00
7.483476400375366211e+00
7.627508163452148438e+00
7.784291267395019531e+00
7.905241966247558594e+00
8.055119752883911133e+00
8.203029632568359375e+00
8.343453168869018555e+00
8.489631414413452148e+00
8.581200599670410156e+00
8.732573270797729492e+00
8.837951421737670898e+00
8.942245721817016602e+00
9.061982870101928711e+00
9.202672004699707031e+00
9.320875883102416992e+00
9.437225818634033203e+00
9.555918931961059570e+00
9.681151390075683594e+00
9.773976802825927734e+00
9.852708339691162109e+00
9.961777448654174805e+00
1.004427623748779297e+01
1.018808007240295410e+01
1.027716851234436035e+01
1.038816118240356445e+01
1.047763705253601074e+01
1.059044933319091797e+01
1.068791031837463379e+01
1.078060460090637207e+01
1.089271950721740723e+01
1.100845670700073242e+01
1.112397384643554688e+01
1.123274922370910645e+01
1.138052463531494141e+01
1.147830319404602051e+01
1.159631872177124023e+01
1.171281552314758301e+01
