1.463113065861094765e+04
1.770785256970279704e+02
8.407229697387418810e+01
4.303997639187110735e+01
4.595766195779297192e+01
3.282688326157416725e+01
3.427465580512210863e+01
2.893682529662695302e+01
2.983451310036117832e+01
2.725384368315735628e+01
2.796425166732241152e+01
2.638992392791922015e+01
2.699845730260539156e+01
2.591653738825441167e+01
2.643045223503675345e+01
2.560641602788081883e+01
2.607252989857957459e+01
2.538040870812752914e+01
2.581288196625930098e+01
2.521419821851000620e+01
2.560185520148795035e+01
2.506730870080126294e+01
2.542989450162963294e+01
2.493918557812468251e+01
2.528563703810105068e+01
2.482364784464408203e+01
2.516077486530793905e+01
2.472381927647313660e+01
2.503723575289188830e+01
2.462489963359668010e+01
2.491929893060896717e+01
2.453352642406985140e+01
2.481410417266978286e+01
2.444685027825792645e+01
2.471706981358900634e+01
2.436151917321557292e+01
2.462489963359668010e+01
2.428146249739516804e+01
2.453352642406985140e+01
2.420254429474296032e+01
2.444685027825792645e+01
2.412827472801962259e+01
2.436151917321557292e+01
2.405456092030694393e+01
2.428146249739516804e+01
2.398834148317385484e+01
2.420254429474296032e+01
2.392035557462078899e+01
2.412827472801962259e+01
2.386027603654858353e+01
2.405456092030694393e+01
2.379891312597816011e+01
2.398834148317385484e+01
2.374436313339365512e+01
2.392035557462078899e+01
2.369016356961763847e+01
2.386027603654858353e+01
2.363311877699155161e+01
2.379891312597816011e+01
2.358274708844847822e+01
2.374436313339365512e+01
2.352949226736973642e+01
2.369016356961763847e+01
2.348281161455950894e+01
2.363311877699155161e+01
2.343638550446883428e+01
2.358274708844847822e+01
2.339643557119530115e+01
2.352949226736973642e+01
2.335352825463109028e+01
2.348281161455950894e+01
2.331083442854681920e+01
2.343638550446883428e+01
2.326835257510963473e+01
2.339643557119530115e+01
2.322907052098240044e+01
2.335352825463109028e+01
2.318996548006350267e+01
2.331083442854681920e+01
2.315714077742235233e+01
2.326835257510963473e+01
2.312131381661070151e+01
2.322907052098240044e+01
2.308563183661063078e+01
2.318996548006350267e+01
2.305009398169497814e+01
2.315714077742235233e+01
2.302073696482126763e+01
2.312131381661070151e+01
2.299149071923091014e+01
2.308563183661063078e+01
2.295922917352868353e+01
2.305009398169497814e+01
2.293307779092036469e+01
2.302073696482126763e+01
2.290739615759468961e+01
2.299149071923091014e+01
2.288215504333298966e+01
2.295922917352868353e+01
2.285521065096536120e+01
