2.204722383502625291e+02
7.385260066884336538e+01
8.946470147047682531e+01
4.563455275448044546e+01
4.880593527326057313e+01
3.426156912094520379e+01
3.580613426505789221e+01
2.987381485206539011e+01
3.081567330324509513e+01
2.793067317735316379e+01
2.864480508796384228e+01
2.692327578375621755e+01
2.754854959378350188e+01
2.632623322932285959e+01
2.688875300769646515e+01
2.595122940894761143e+01
2.645785400867994497e+01
2.567767705108317244e+01
2.615270527208536677e+01
2.547382829859609643e+01
2.591105522999723831e+01
2.529579200237703063e+01
2.571607029770223107e+01
2.514289095600443957e+01
2.554774936257352635e+01
2.500504780529400151e+01
2.540004458789593755e+01
2.488662165584814545e+01
2.525426135850626963e+01
2.476935629613915069e+01
2.511591046201503730e+01
2.466202389094566882e+01
2.499171644874859766e+01
2.456014349219953630e+01
2.487771113983236404e+01
2.446095099282445418e+01
2.476935629613915069e+01
2.437004613660599261e+01
2.466202389094566882e+01
2.428351600893837769e+01
2.456014349219953630e+01
2.420589508988078364e+01
2.446095099282445418e+01
2.413038878787638453e+01
2.437004613660599261e+01
2.406407809398847775e+01
2.428351600893837769e+01
2.399454858346895136e+01
2.420589508988078364e+01
2.393356844325317923e+01
2.413038878787638453e+01
2.386843830264766098e+01
2.406407809398847775e+01
2.381152604586950616e+01
2.399454858346895136e+01
2.375500271205477176e+01
2.393356844325317923e+01
2.369427979276386509e+01
2.386843830264766098e+01
2.364243444655738102e+01
2.381152604586950616e+01
2.359089768110143837e+01
2.375500271205477176e+01
2.354765777844035313e+01
2.369427979276386509e+01
2.350466637754689003e+01
2.364243444655738102e+01
2.347014798872587704e+01
2.359089768110143837e+01
2.343286237644943526e+01
2.354765777844035313e+01
2.339577069683003785e+01
2.350466637754689003e+01
2.335887155185461239e+01
2.347014798872587704e+01
2.332447790419897515e+01
2.343286237644943526e+01
2.329074294174138515e+01
2.339577069683003785e+01
2.326394370281318658e+01
2.335887155185461239e+01
2.323328712595159118e+01
2.332447790419897515e+01
2.320513756602117539e+01
2.329074294174138515e+01
2.317759020175673257e+01
2.326394370281318658e+01
2.315656716929355241e+01
2.323328712595159118e+01
2.313577642416445457e+01
2.320513756602117539e+01
2.311142549308998539e+01
2.317759020175673257e+01
2.309353368681006557e+01
2.315656716929355241e+01
2.307571189894748542e+01
2.313577642416445457e+01
2.305795982912482955e+01
2.311142549308998539e+01
2.303570385374383989e+01
