2.359845929448088100e+03
1.841764693512858742e+02
8.960592537154484205e+01
4.647771062083373295e+01
4.937365222242492280e+01
3.513992644530071630e+01
3.660577507150608056e+01
3.062885523430197310e+01
3.156840727670828528e+01
2.872003914298615612e+01
2.942514186588557834e+01
2.776014502454289712e+01
2.834127484932405494e+01
2.721412546849007796e+01
2.773371637205978857e+01
2.687694308797203036e+01
2.734687689364654162e+01
2.663037736391324728e+01
2.707079576494213669e+01
2.644622168192122302e+01
2.685530817564719541e+01
2.628461693235348307e+01
2.667693118564780974e+01
2.614700134909808682e+01
2.652187807135664599e+01
2.601873003596120881e+01
2.638510278519958163e+01
2.590722905951753674e+01
2.625128535655518291e+01
2.580049498952434917e+01
2.612495285896880404e+01
2.570388613630697705e+01
2.600778550722502658e+01
2.561242185611076039e+01
2.589956372678042129e+01
2.552310750032388142e+01
2.580049498952434917e+01
2.543934972582955112e+01
2.570388613630697705e+01
2.535716832790088660e+01
2.561242185611076039e+01
2.527974051025344693e+01
2.552310750032388142e+01
2.520437761509959884e+01
2.543934972582955112e+01
2.513727139570742963e+01
2.535716832790088660e+01
2.506735750288907028e+01
2.527974051025344693e+01
2.500508783959446646e+01
2.520437761509959884e+01
2.493966852826911307e+01
2.513727139570742963e+01
2.488175066667619717e+01
2.506735750288907028e+01
2.482426049039862903e+01
2.500508783959446646e+01
2.476355770576859072e+01
2.493966852826911307e+01
2.471019129240938028e+01
2.488175066667619717e+01
2.465355829167136648e+01
2.482426049039862903e+01
2.460414504887611287e+01
2.476355770576859072e+01
2.455503828190816051e+01
2.471019129240938028e+01
2.451304088212079790e+01
2.465355829167136648e+01
2.446767880733224132e+01
2.460414504887611287e+01
2.442257188466105333e+01
2.455503828190816051e+01
2.437776662649069692e+01
2.451304088212079790e+01
2.433702216716841704e+01
2.446767880733224132e+01
2.429648884760293726e+01
2.442257188466105333e+01
2.426296511067001660e+01
2.437776662649069692e+01
2.422577052551075383e+01
2.433702216716841704e+01
2.418874751769341458e+01
2.429648884760293726e+01
2.415189488813676633e+01
2.426296511067001660e+01
2.412193859708365551e+01
2.422577052551075383e+01
2.409211591920529827e+01
2.418874751769341458e+01
2.405859533945393025e+01
2.415189488813676633e+01
2.403189064742920067e+01
2.412193859708365551e+01
2.400528988247077322e+01
2.409211591920529827e+01
2.397879247932978686e+01
2.405859533945393025e+01
2.394857278816844115e+01
