8.052163608210455095e+03
1.439317748716018741e+02
8.419865287162134848e+01
4.182550086325129257e+01
4.469012445525368804e+01
3.136673748747653789e+01
3.273874172099358759e+01
2.733677643994362683e+01
2.825663561109894673e+01
2.575892818088469483e+01
2.646212116211047416e+01
2.494291287243044408e+01
2.553446931581537527e+01
2.445579271560432133e+01
2.496406804199912699e+01
2.415983096227566307e+01
2.459076778900637805e+01
2.394333624656262316e+01
2.433468229856168463e+01
2.377923087890663822e+01
2.414338632432845699e+01
2.363501318853886346e+01
2.398585482478050679e+01
2.351018231583930529e+01
2.384779339790076946e+01
2.339379428354118673e+01
2.372581321944466737e+01
2.329249851007266869e+01
2.360535934395836577e+01
2.319288353487604581e+01
2.349056941003236432e+01
2.310171032845323680e+01
2.338406004774839886e+01
2.302111157449503409e+01
2.328562908534319931e+01
2.294248768241907399e+01
2.319288353487604581e+01
2.286823900054437075e+01
2.310171032845323680e+01
2.279468564099006400e+01
2.302111157449503409e+01
2.272557401244219477e+01
2.294248768241907399e+01
2.265731947385553369e+01
2.286823900054437075e+01
2.259577230378678792e+01
2.279468564099006400e+01
2.253191824790251729e+01
2.272557401244219477e+01
2.247462909765813066e+01
2.265731947385553369e+01
2.241497085408460066e+01
2.259577230378678792e+01
2.236240267344534161e+01
2.253191824790251729e+01
2.231291764448959469e+01
2.247462909765813066e+01
2.226102710992838496e+01
2.241497085408460066e+01
2.221514234120661158e+01
2.236240267344534161e+01
2.216680548797644690e+01
2.231291764448959469e+01
2.212437415904646087e+01
2.226102710992838496e+01
2.208220841934858925e+01
2.221514234120661158e+01
2.204585337684883584e+01
2.216680548797644690e+01
2.200696156013743021e+01
2.212437415904646087e+01
2.196829121320875799e+01
2.208220841934858925e+01
2.193054208126914517e+01
2.204585337684883584e+01
2.189780006468684093e+01
2.200696156013743021e+01
2.186522524318358052e+01
2.196829121320875799e+01
2.183857591865256964e+01
2.193054208126914517e+01
2.180948899934465146e+01
2.189780006468684093e+01
2.178053710237900731e+01
2.186522524318358052e+01
2.175171934265139839e+01
2.183857591865256964e+01
2.172795971947443050e+01
2.180948899934465146e+01
2.170430539549825966e+01
2.178053710237900731e+01
2.167817966391938711e+01
2.175171934265139839e+01
2.165704877676268225e+01
2.172795971947443050e+01
2.163609664179539038e+01
2.170430539549825966e+01
2.161537798085699791e+01
2.167817966391938711e+01
2.159233098108309434e+01
