1.474956403279549022e+02
6.472206493157588625e+01
8.304360898573780503e+01
4.260973947752873414e+01
4.541726034195917805e+01
3.207786350536061093e+01
3.329377097751025616e+01
2.834762424521692381e+01
2.909813275708214775e+01
2.680420997282775630e+01
2.737516653810736855e+01
2.607065036519137635e+01
2.655025427162509288e+01
2.566656050500748876e+01
2.609437478641626385e+01
2.540584071109206832e+01
2.579956027932908569e+01
2.520491665816730631e+01
2.558163462315827985e+01
2.505261887644491736e+01
2.540377363959632007e+01
2.492318724206925395e+01
2.525308726140395876e+01
2.481170377223249801e+01
2.512033679657879759e+01
2.470977577288768146e+01
2.500747084943297693e+01
2.462080946754771205e+01
2.489832273412530128e+01
2.453310611192094370e+01
2.479593681260327287e+01
2.445779710786431593e+01
2.470217351522408933e+01
2.438831443896322071e+01
2.461525977748435423e+01
2.431931863006866479e+01
2.453310611192094370e+01
2.425396437994280774e+01
2.445779710786431593e+01
2.418904097312575274e+01
2.438831443896322071e+01
2.412871453386049936e+01
2.431931863006866479e+01
2.406910959287998253e+01
2.425396437994280774e+01
2.401473658546949252e+01
2.418904097312575274e+01
2.395880606969591398e+01
2.412871453386049936e+01
2.390801069887841024e+01
2.406910959287998253e+01
2.385613914697114168e+01
2.401473658546949252e+01
2.381355022331412030e+01
2.395880606969591398e+01
2.377173481307267267e+01
2.390801069887841024e+01
2.372808362707402807e+01
2.385613914697114168e+01
2.369064047478208934e+01
2.381355022331412030e+01
2.365125573855161889e+01
2.377173481307267267e+01
2.361651566472445296e+01
2.372808362707402807e+01
2.358192902569850347e+01
2.369064047478208934e+01
2.355191953844778396e+01
2.365125573855161889e+01
2.351993000599473049e+01
2.361651566472445296e+01
2.348806976974141136e+01
2.358192902569850347e+01
2.345633788691815269e+01
2.355191953844778396e+01
2.342701452057039546e+01
2.351993000599473049e+01
2.339779899479744785e+01
2.348806976974141136e+01
2.337303275213755427e+01
2.345633788691815269e+01
2.334730566403500518e+01
2.342701452057039546e+01
2.332359139417970795e+01
2.339779899479744785e+01
2.329995541934015790e+01
2.337303275213755427e+01
2.328056516927326669e+01
2.334730566403500518e+01
2.326123277778616227e+01
2.332359139417970795e+01
2.323969415825227713e+01
2.329995541934015790e+01
2.322325553049856950e+01
2.328056516927326669e+01
2.320727574040337160e+01
2.326123277778616227e+01
2.319133791639650966e+01
2.323969415825227713e+01
2.317326186894558759e+01
