1.568794250488281250e-04
1.171159744262695312e-02
1.122775077819824219e+00
1.175842046737670898e+00
1.414147138595581055e+00
1.500553369522094727e+00
1.626501798629760742e+00
1.935424327850341797e+00
1.976093292236328125e+00
2.257906913757324219e+00
2.352365970611572266e+00
2.485686540603637695e+00
2.606040000915527344e+00
2.695351362228393555e+00
2.781961679458618164e+00
2.904773235321044922e+00
3.054162502288818359e+00
3.211292982101440430e+00
3.333675622940063477e+00
3.433082818984985352e+00
3.561324596405029297e+00
3.630974769592285156e+00
3.903676271438598633e+00
3.995087862014770508e+00
4.198522090911865234e+00
4.253397941589355469e+00
4.546445369720458984e+00
4.639883279800415039e+00
4.931611061096191406e+00
5.012208461761474609e+00
5.153634071350097656e+00
5.421219110488891602e+00
5.462206602096557617e+00
5.743003606796264648e+00
5.887552022933959961e+00
6.031565666198730469e+00
6.169412136077880859e+00
6.266803741455078125e+00
6.363941431045532227e+00
6.508480787277221680e+00
6.634467601776123047e+00
6.737395524978637695e+00
6.834523439407348633e+00
6.920427560806274414e+00
7.051151037216186523e+00
7.169856309890747070e+00
7.249454021453857422e+00
7.325799465179443359e+00
7.594213008880615234e+00
7.676180601119995117e+00
7.762377023696899414e+00
8.063867330551147461e+00
8.240166425704956055e+00
8.500260114669799805e+00
8.533750772476196289e+00
8.797212839126586914e+00
8.877882719039916992e+00
9.186511278152465820e+00
9.261081457138061523e+00
9.535653352737426758e+00
9.635459899902343750e+00
9.723905563354492188e+00
9.813208103179931641e+00
9.945730924606323242e+00
1.003256416320800781e+01
1.014814686775207520e+01
1.039354491233825684e+01
1.049414730072021484e+01
1.081750631332397461e+01
1.092010688781738281e+01
1.111652851104736328e+01
1.125303125381469727e+01
1.144738435745239258e+01
1.160802626609802246e+01
1.170345711708068848e+01
1.182136607170104980e+01
1.197954368591308594e+01
1.213088989257812500e+01
1.225740146636962891e+01
1.240213632583618164e+01
1.253534364700317383e+01
1.269489073753356934e+01
1.279879474639892578e+01
1.293172073364257812e+01
1.307655787467956543e+01
1.325282311439514160e+01
1.340780806541442871e+01
1.350070238113403320e+01
1.360670876502990723e+01
1.370056653022766113e+01
1.381041455268859863e+01
1.389420795440673828e+01
1.398896837234497070e+01
1.413837337493896484e+01
1.421210741996765137e+01
1.432114315032958984e+01
1.444749736785888672e+01
1.458795738220214844e+01
1.469757533073425293e+01
1.479974102973937988e+01
