2.324581146240234375e-04
4.503297805786132812e-02
2.210235595703125000e-01
4.767239093780517578e-01
7.093250751495361328e-01
7.897009849548339844e-01
9.252448081970214844e-01
1.229952812194824219e+00
1.272073984146118164e+00
1.507720708847045898e+00
1.634305238723754883e+00
1.739440441131591797e+00
1.888411045074462891e+00
1.970707654953002930e+00
2.065337181091308594e+00
2.161678314208984375e+00
2.315421104431152344e+00
2.480971813201904297e+00
2.591270446777343750e+00
2.731990575790405273e+00
2.859608173370361328e+00
2.927037000656127930e+00
3.162155389785766602e+00
3.254707574844360352e+00
3.457501173019409180e+00
3.689516544342041016e+00
3.764533996582031250e+00
4.051892042160034180e+00
4.176896810531616211e+00
4.270529985427856445e+00
4.531869649887084961e+00
4.650491714477539062e+00
4.729979991912841797e+00
4.997053623199462891e+00
5.122584104537963867e+00
5.260819673538208008e+00
5.470913887023925781e+00
5.558039426803588867e+00
5.625116586685180664e+00
5.707389354705810547e+00
5.855565547943115234e+00
6.008944511413574219e+00
6.106641769409179688e+00
6.200819015502929688e+00
6.318598270416259766e+00
6.440519571304321289e+00
6.538868188858032227e+00
6.616924524307250977e+00
6.819401264190673828e+00
7.029077768325805664e+00
7.117495775222778320e+00
7.492045402526855469e+00
7.599722862243652344e+00
7.685653448104858398e+00
7.925616979598999023e+00
8.004435539245605469e+00
8.124251604080200195e+00
8.357731819152832031e+00
8.649929046630859375e+00
8.690330743789672852e+00
8.933752536773681641e+00
9.024492502212524414e+00
9.102147579193115234e+00
9.223901510238647461e+00
9.331204891204833984e+00
9.446848630905151367e+00
9.669924497604370117e+00
9.939868211746215820e+00
9.984231472015380859e+00
1.037453651428222656e+01
1.054720520973205566e+01
1.067356133460998535e+01
1.085310840606689453e+01
1.099065709114074707e+01
1.107913470268249512e+01
1.125241589546203613e+01
1.136935329437255859e+01
1.152585482597351074e+01
1.167897295951843262e+01
1.181103348731994629e+01
1.193666768074035645e+01
1.205967688560485840e+01
1.217656302452087402e+01
1.234083390235900879e+01
1.250964593887329102e+01
1.268648815155029297e+01
1.279452323913574219e+01
1.287895941734313965e+01
1.299061512947082520e+01
1.308410215377807617e+01
1.318797826766967773e+01
1.327154469490051270e+01
1.341614890098571777e+01
1.350355815887451172e+01
1.361372947692871094e+01
1.367640948295593262e+01
1.379641151428222656e+01
1.390334630012512207e+01
1.402121710777282715e+01
1.411432719230651855e+01
