1.678466796875000000e-04
6.000995635986328125e-03
4.644212722778320312e-01
6.053817272186279297e-01
7.971622943878173828e-01
8.798434734344482422e-01
1.175598621368408203e+00
1.253174066543579102e+00
1.601723670959472656e+00
1.683987855911254883e+00
1.802263021469116211e+00
1.946969270706176758e+00
2.086055755615234375e+00
2.172273874282836914e+00
2.258285522460937500e+00
2.376356363296508789e+00
2.530134916305541992e+00
2.682414531707763672e+00
2.806627750396728516e+00
2.951541185379028320e+00
3.056121349334716797e+00
3.142756700515747070e+00
3.380183696746826172e+00
3.467862367630004883e+00
3.671483993530273438e+00
3.758052587509155273e+00
4.065592288970947266e+00
4.146204710006713867e+00
4.219991207122802734e+00
4.589958906173706055e+00
4.658148050308227539e+00
4.783767700195312500e+00
5.018098354339599609e+00
5.081659793853759766e+00
5.240257024765014648e+00
5.394211292266845703e+00
5.533365964889526367e+00
5.645816326141357422e+00
5.741400241851806641e+00
5.850171089172363281e+00
6.012447595596313477e+00
6.140703201293945312e+00
6.255381345748901367e+00
6.342927694320678711e+00
6.463768005371093750e+00
6.579357385635375977e+00
6.658899068832397461e+00
6.897086858749389648e+00
6.920351028442382812e+00
7.133807897567749023e+00
7.221437692642211914e+00
7.510793924331665039e+00
7.676598310470581055e+00
7.945301532745361328e+00
7.995368242263793945e+00
8.257641315460205078e+00
8.332959413528442383e+00
8.611631870269775391e+00
8.697668552398681641e+00
8.934326410293579102e+00
9.008172273635864258e+00
9.106902360916137695e+00
9.218159675598144531e+00
9.279680490493774414e+00
9.598665714263916016e+00
9.654709100723266602e+00
9.877934932708740234e+00
1.000197601318359375e+01
1.031049871444702148e+01
1.041481995582580566e+01
1.061749076843261719e+01
1.077911543846130371e+01
1.094410896301269531e+01
1.110856103897094727e+01
1.119939351081848145e+01
1.133070111274719238e+01
1.148470091819763184e+01
1.164508056640625000e+01
1.179439020156860352e+01
1.190457057952880859e+01
1.207376646995544434e+01
1.219095873832702637e+01
1.231070375442504883e+01
1.245264649391174316e+01
1.263126206398010254e+01
1.280482196807861328e+01
1.290371489524841309e+01
1.300206804275512695e+01
1.311265468597412109e+01
1.319804120063781738e+01
1.328477478027343750e+01
1.339000248908996582e+01
1.345909690856933594e+01
1.361184859275817871e+01
1.370327830314636230e+01
1.380629110336303711e+01
1.392215061187744141e+01
1.404968285560607910e+01
1.415674209594726562e+01
1.422915267944335938e+01
