5.934238433837890625e-04
4.223442077636718750e-02
1.046926975250244141e-01
4.170708656311035156e-01
4.942049980163574219e-01
5.812492370605468750e-01
8.790242671966552734e-01
9.788432121276855469e-01
1.085072755813598633e+00
1.314173698425292969e+00
1.438245534896850586e+00
1.555366516113281250e+00
1.665667057037353516e+00
1.784216403961181641e+00
1.872546911239624023e+00
1.954625606536865234e+00
2.106729030609130859e+00
2.243268489837646484e+00
2.383390426635742188e+00
2.509898424148559570e+00
2.664548873901367188e+00
2.733020544052124023e+00
2.964517354965209961e+00
3.198509216308593750e+00
3.238575935363769531e+00
3.486721038818359375e+00
3.563429832458496094e+00
3.828221321105957031e+00
3.919579982757568359e+00
4.266340255737304688e+00
4.332951307296752930e+00
4.459118604660034180e+00
4.692974805831909180e+00
4.794195175170898438e+00
4.914276123046875000e+00
5.066559791564941406e+00
5.203334808349609375e+00
5.331892728805541992e+00
5.431297779083251953e+00
5.542279005050659180e+00
5.719639301300048828e+00
5.844449043273925781e+00
5.945577859878540039e+00
6.038943290710449219e+00
6.168660640716552734e+00
6.283244371414184570e+00
6.373259067535400391e+00
6.447681427001953125e+00
6.667245149612426758e+00
6.769389152526855469e+00
6.998497009277343750e+00
7.076511383056640625e+00
7.405573844909667969e+00
7.505623817443847656e+00
7.751117944717407227e+00
7.806271791458129883e+00
8.112287521362304688e+00
8.155678987503051758e+00
8.376173734664916992e+00
8.652615547180175781e+00
8.730063199996948242e+00
8.847528219223022461e+00
8.926286697387695312e+00
9.047692298889160156e+00
9.126581907272338867e+00
9.400440454483032227e+00
9.433075428009033203e+00
9.662597417831420898e+00
9.961069822311401367e+00
1.007606840133666992e+01
1.028145170211791992e+01
1.041278266906738281e+01
1.058819818496704102e+01
1.074881339073181152e+01
1.090874528884887695e+01
1.104956078529357910e+01
1.119640517234802246e+01
1.135206198692321777e+01
1.150103974342346191e+01
1.164719939231872559e+01
1.177953147888183594e+01
1.189728307723999023e+01
1.202384734153747559e+01
1.219899630546569824e+01
1.235005688667297363e+01
1.251894688606262207e+01
1.263089036941528320e+01
1.272017049789428711e+01
1.282936334609985352e+01
1.293912196159362793e+01
1.302317404747009277e+01
1.310438418388366699e+01
1.325653195381164551e+01
1.334083080291748047e+01
1.345015215873718262e+01
1.355159139633178711e+01
1.368615484237670898e+01
1.382111644744873047e+01
1.389227938652038574e+01
1.403148770332336426e+01
