1.535415649414062500e-04
1.027774810791015625e-02
3.183877468109130859e-01
5.690546035766601562e-01
6.446306705474853516e-01
9.419682025909423828e-01
1.022365808486938477e+00
1.128611803054809570e+00
1.425749540328979492e+00
1.528084993362426758e+00
1.651946544647216797e+00
1.743166446685791016e+00
1.878872871398925781e+00
1.985837697982788086e+00
2.065964698791503906e+00
2.159547328948974609e+00
2.304316759109497070e+00
2.438909769058227539e+00
2.592956304550170898e+00
2.711171150207519531e+00
2.825937986373901367e+00
3.091257810592651367e+00
3.126078605651855469e+00
3.317291498184204102e+00
3.542675733566284180e+00
3.600033044815063477e+00
3.873122215270996094e+00
3.958227157592773438e+00
4.255329847335815430e+00
4.333598613739013672e+00
4.667546749114990234e+00
4.740141868591308594e+00
4.811451911926269531e+00
5.083419322967529297e+00
5.211981058120727539e+00
5.392829418182373047e+00
5.527780294418334961e+00
5.625981569290161133e+00
5.725700139999389648e+00
5.870885133743286133e+00
6.019766569137573242e+00
6.109361648559570312e+00
6.218860626220703125e+00
6.345533132553100586e+00
6.437246084213256836e+00
6.563406705856323242e+00
6.635191440582275391e+00
6.722678422927856445e+00
6.788655042648315430e+00
6.997442960739135742e+00
7.255576133728027344e+00
7.338969945907592773e+00
7.711480617523193359e+00
7.780355215072631836e+00
8.019636392593383789e+00
8.110793352127075195e+00
8.213893890380859375e+00
8.483205080032348633e+00
8.579376697540283203e+00
8.815443038940429688e+00
8.901409626007080078e+00
9.002264022827148438e+00
9.109920740127563477e+00
9.174154520034790039e+00
9.306068658828735352e+00
9.551072597503662109e+00
9.809630393981933594e+00
9.905113697052001953e+00
1.000261211395263672e+01
1.026426362991333008e+01
1.044228553771972656e+01
1.060710549354553223e+01
1.077851843833923340e+01
1.093805336952209473e+01
1.105156350135803223e+01
1.117289996147155762e+01
1.133295130729675293e+01
1.149550414085388184e+01
1.163693881034851074e+01
1.176713776588439941e+01
1.192738676071166992e+01
1.205465340614318848e+01
1.215786528587341309e+01
1.229148101806640625e+01
1.246651887893676758e+01
1.261194777488708496e+01
1.277297449111938477e+01
1.288106322288513184e+01
1.297134041786193848e+01
1.307978820800781250e+01
1.319229078292846680e+01
1.327979254722595215e+01
1.335521674156188965e+01
1.350559115409851074e+01
1.360648250579833984e+01
1.370602393150329590e+01
1.381748485565185547e+01
1.394851732254028320e+01
1.407101345062255859e+01
1.415929961204528809e+01
