4.610161864459850563e+02
8.488688209434302223e+01
1.443994580636226033e+02
5.553608939328660199e+01
5.536740864935308082e+01
3.343884868038158231e+01
3.339684984089710440e+01
2.651471881961153443e+01
2.650182276632738265e+01
2.380328643734151584e+01
2.380117227097197485e+01
2.265180675587738435e+01
2.265215220364357762e+01
2.208383414677084744e+01
2.208888173049756176e+01
2.176771355072341052e+01
2.177309191947585987e+01
2.156227752665716224e+01
2.156953765307548565e+01
2.142019067204849136e+01
2.142618081286359200e+01
2.131744213312548197e+01
2.132286755806812550e+01
2.123308876927023903e+01
2.123796894485946751e+01
2.116181774047061026e+01
2.116546486947250827e+01
2.109776246292131319e+01
2.110019225141037325e+01
2.103565354442127955e+01
2.103876095674987923e+01
2.097871588215533478e+01
2.098180081011567921e+01
2.092550064348241534e+01
2.092665103216098643e+01
2.087593445092877076e+01
2.087703504093916607e+01
2.082923399964638378e+01
2.082924114651807912e+01
2.078543257907874420e+01
2.078435563681385290e+01
2.074041355205837434e+01
2.074169374615960493e+01
2.069888228530114205e+01
2.070015294154930530e+01
2.065951360409085424e+01
2.066077518114327916e+01
2.062185803235393777e+01
2.062288638591366308e+01
2.058525236625955657e+01
2.058627023235494136e+01
2.054978358456342491e+01
2.055232866139233749e+01
2.051664795528201779e+01
2.051917980496621396e+01
2.048506872029822290e+01
2.048696527328466033e+01
2.045440624818957787e+01
2.045629121767922243e+01
2.042464548513165568e+01
2.042714063945096470e+01
2.039800675961931731e+01
2.039887659325348324e+01
2.037124335619485649e+01
2.037173487456281151e+01
2.034496961712670782e+01
2.034582431740379960e+01
2.031954537245665193e+01
2.032039292247804596e+01
2.029495843284142964e+01
2.029641784078884115e+01
2.027083416360474999e+01
2.027166822367559007e+01
2.024654894146655693e+01
2.024959102833365066e+01
2.022561510496183956e+01
2.022864635847345127e+01
2.020631866206045402e+01
2.020867971117348816e+01
2.018577177326465488e+01
2.018812461843867823e+01
2.016563479870508502e+01
2.016864061404205799e+01
2.014705870999800297e+01
2.014995254644231437e+01
2.013027521281717114e+01
2.013188034560176476e+01
2.011291443751640529e+01
2.011451521413493992e+01
2.009532665838923293e+01
2.009752743090993476e+01
2.007966674481213687e+01
2.008149601057953504e+01
2.006496694951567505e+01
2.006588013278851790e+01
2.005122285017122152e+01
2.005213469890966849e+01
2.003843027926919618e+01
2.003843027926919618e+01
2.002446398398750205e+01
