6.429066390836364917e+02
1.137202961364322960e+02
1.467078024239717706e+02
5.996284837313825733e+01
5.981274225901486119e+01
3.873620093626370675e+01
3.870177555055936125e+01
3.149056113364033394e+01
3.148117531465991448e+01
2.850052127589042783e+01
2.850097545223691142e+01
2.711496450039790318e+01
2.711763441880389891e+01
2.638109932727217100e+01
2.638963313921303921e+01
2.594742818223739533e+01
2.595646170987852486e+01
2.565966403662267226e+01
2.567104068555937957e+01
2.544754513961136411e+01
2.545796332500406578e+01
2.528048152218347155e+01
2.528983120077590385e+01
2.513951549679545394e+01
2.514780050442517378e+01
2.501710830652507411e+01
2.502360428017955485e+01
2.490497576638315991e+01
2.490970926682283704e+01
2.479646782136510907e+01
2.480193098384344097e+01
2.469549064400841587e+01
2.470091788402824307e+01
2.459871740692842224e+01
2.460166550176943900e+01
2.450531943306294735e+01
2.450824624767911786e+01
2.441598937911656009e+01
2.441722738540847359e+01
2.433141279442591554e+01
2.433097902173269489e+01
2.424678782437549174e+01
2.424942919342062098e+01
2.416798664486604764e+01
2.417061263812140126e+01
2.409301461985141657e+01
2.409562601098467738e+01
2.402232023974980279e+01
2.402494554785347702e+01
2.395385365615726059e+01
2.395646304651218372e+01
2.388657501902671854e+01
2.389141271317692983e+01
2.382300307024325647e+01
2.382781816898233984e+01
2.376211266555074886e+01
2.376612983539045132e+01
2.370516935803246383e+01
2.370895399407089954e+01
2.365068130464678120e+01
2.365521425555738588e+01
2.360096357428454183e+01
2.360320002950712137e+01
2.355142758171581008e+01
2.355290562033017210e+01
2.350282803280001787e+01
2.350504207667620449e+01
2.345589513386066471e+01
2.345809857685974720e+01
2.341100503689644796e+01
2.341379503011436469e+01
2.336875331038359604e+01
2.337078333585175116e+01
2.332658892410294982e+01
2.333154746247079458e+01
2.328887508184272548e+01
2.329381975128935522e+01
2.325340019952442461e+01
2.325758540067393909e+01
2.321654067215674644e+01
2.322071357981782214e+01
2.318047359767684767e+01
2.318537881287097946e+01
2.314661613462314449e+01
2.315150909256551515e+01
2.311495252548333923e+01
2.311773271864480250e+01
2.308263053128617770e+01
2.308540393888456421e+01
2.305032782684632409e+01
2.305383508648505853e+01
2.302019364806314883e+01
2.302302008697425961e+01
2.299154243982824397e+01
2.299295305932005107e+01
2.296436628771541422e+01
2.296577449111190461e+01
2.293970493068987082e+01
2.293970493068987082e+01
2.291413439622717618e+01
