8.804798126220703125e-04
6.262898445129394531e-02
1.315560340881347656e-01
2.665317058563232422e-01
4.491400718688964844e-01
5.940322875976562500e-01
6.868901252746582031e-01
8.504037857055664062e-01
9.837312698364257812e-01
1.095448970794677734e+00
1.222449779510498047e+00
1.322288751602172852e+00
1.481447219848632812e+00
1.594969272613525391e+00
1.697020530700683594e+00
1.824230909347534180e+00
1.941017627716064453e+00
2.065426826477050781e+00
2.188299417495727539e+00
2.282920837402343750e+00
2.464497804641723633e+00
2.551608085632324219e+00
2.705844640731811523e+00
2.816071748733520508e+00
2.933034181594848633e+00
3.065289020538330078e+00
3.177190303802490234e+00
3.291507244110107422e+00
3.386998891830444336e+00
3.538151979446411133e+00
3.625186920166015625e+00
3.724980354309082031e+00
3.833247661590576172e+00
3.931838989257812500e+00
4.014261960983276367e+00
4.164238214492797852e+00
4.274363517761230469e+00
4.452295541763305664e+00
4.566941499710083008e+00
4.680684328079223633e+00
4.823252677917480469e+00
4.941376209259033203e+00
5.054371595382690430e+00
5.164396762847900391e+00
5.296196699142456055e+00
5.440120697021484375e+00
5.531140804290771484e+00
5.637515544891357422e+00
5.795722007751464844e+00
5.897233247756958008e+00
6.011656284332275391e+00
6.098320960998535156e+00
6.249200820922851562e+00
6.368841171264648438e+00
6.509310722351074219e+00
6.647042989730834961e+00
6.740692615509033203e+00
6.879303216934204102e+00
6.997528553009033203e+00
7.095952749252319336e+00
7.230323314666748047e+00
7.362284898757934570e+00
7.494631528854370117e+00
7.619066476821899414e+00
7.726987600326538086e+00
7.813716650009155273e+00
7.926273584365844727e+00
7.995309591293334961e+00
8.124384641647338867e+00
8.213502883911132812e+00
8.301712036132812500e+00
8.378588199615478516e+00
8.586589097976684570e+00
8.730056762695312500e+00
8.859481811523437500e+00
8.991383552551269531e+00
9.076647996902465820e+00
9.196879625320434570e+00
9.325273752212524414e+00
9.465563297271728516e+00
9.551732778549194336e+00
9.674329280853271484e+00
9.826534748077392578e+00
9.934516906738281250e+00
1.003457045555114746e+01
1.012232351303100586e+01
1.023407292366027832e+01
1.036877298355102539e+01
1.047775864601135254e+01
1.059347605705261230e+01
1.069794368743896484e+01
1.082926344871520996e+01
1.090427494049072266e+01
1.100433802604675293e+01
1.118079566955566406e+01
1.128110694885253906e+01
1.141853809356689453e+01
1.152536535263061523e+01
1.163340234756469727e+01
1.173353266716003418e+01
