2.861022949218750000e-04
8.607149124145507812e-03
3.357422351837158203e-01
4.592280387878417969e-01
6.439621448516845703e-01
7.761731147766113281e-01
9.230053424835205078e-01
1.062988758087158203e+00
1.173393011093139648e+00
1.289165973663330078e+00
1.410365104675292969e+00
1.511453628540039062e+00
1.668427467346191406e+00
1.774857997894287109e+00
1.891507863998413086e+00
2.011976480484008789e+00
2.124624729156494141e+00
2.245740413665771484e+00
2.374733924865722656e+00
2.490811109542846680e+00
2.646469831466674805e+00
2.733566284179687500e+00
2.897703886032104492e+00
3.017762184143066406e+00
3.126867532730102539e+00
3.257576942443847656e+00
3.362530231475830078e+00
3.476402521133422852e+00
3.613335609436035156e+00
3.732927560806274414e+00
3.813887596130371094e+00
3.935011625289916992e+00
4.042832612991333008e+00
4.127765655517578125e+00
4.249948024749755859e+00
4.394916534423828125e+00
4.488463163375854492e+00
4.658781290054321289e+00
4.768166542053222656e+00
4.925180673599243164e+00
5.061232566833496094e+00
5.153244972229003906e+00
5.266040086746215820e+00
5.404921770095825195e+00
5.503398180007934570e+00
5.636047363281250000e+00
5.754269838333129883e+00
5.884284257888793945e+00
6.000568389892578125e+00
6.127926826477050781e+00
6.211364746093750000e+00
6.324865341186523438e+00
6.478724956512451172e+00
6.626275300979614258e+00
6.735592603683471680e+00
6.861648559570312500e+00
6.989465475082397461e+00
7.092258930206298828e+00
7.199185848236083984e+00
7.332125663757324219e+00
7.443327665328979492e+00
7.597866773605346680e+00
7.716856956481933594e+00
7.812235593795776367e+00
7.916338443756103516e+00
8.036185503005981445e+00
8.129326581954956055e+00
8.237602710723876953e+00
8.331510782241821289e+00
8.425932884216308594e+00
8.504406213760375977e+00
8.634187698364257812e+00
8.777562856674194336e+00
8.928122282028198242e+00
9.053817749023437500e+00
9.182550668716430664e+00
9.293659448623657227e+00
9.418410539627075195e+00
9.529512643814086914e+00
9.660948991775512695e+00
9.779882669448852539e+00
9.899899721145629883e+00
1.002761244773864746e+01
1.014494061470031738e+01
1.026016139984130859e+01
1.033670806884765625e+01
1.044615292549133301e+01
1.058045458793640137e+01
1.068540358543395996e+01
1.079997301101684570e+01
1.093651628494262695e+01
1.103436875343322754e+01
1.110791563987731934e+01
1.125957179069519043e+01
1.138178014755249023e+01
1.148447036743164062e+01
1.162036323547363281e+01
1.173568153381347656e+01
1.185101675987243652e+01
1.194408464431762695e+01
