1.506805419921875000e-04
1.199340820312500000e-02
7.523932456970214844e-01
8.934593200683593750e-01
1.054272651672363281e+00
1.216008901596069336e+00
1.330150842666625977e+00
1.444033622741699219e+00
1.607430696487426758e+00
1.718592405319213867e+00
1.840929985046386719e+00
1.946300745010375977e+00
2.103667497634887695e+00
2.211163520812988281e+00
2.319496870040893555e+00
2.431806087493896484e+00
2.565766811370849609e+00
2.698427677154541016e+00
2.796561241149902344e+00
2.917072057723999023e+00
3.085064649581909180e+00
3.172412157058715820e+00
3.306457996368408203e+00
3.434529542922973633e+00
3.553786516189575195e+00
3.669651031494140625e+00
3.803595542907714844e+00
3.914039850234985352e+00
4.010169982910156250e+00
4.137825250625610352e+00
4.269194841384887695e+00
4.389401674270629883e+00
4.485726356506347656e+00
4.586601734161376953e+00
4.687618017196655273e+00
4.848985195159912109e+00
4.944944381713867188e+00
5.106510639190673828e+00
5.221093177795410156e+00
5.356529712677001953e+00
5.506064414978027344e+00
5.611694812774658203e+00
5.712999582290649414e+00
5.843998193740844727e+00
5.956933498382568359e+00
6.097217559814453125e+00
6.204661607742309570e+00
6.301039218902587891e+00
6.455696344375610352e+00
6.558981180191040039e+00
6.668422222137451172e+00
6.763349294662475586e+00
6.916241168975830078e+00
7.078636169433593750e+00
7.162420749664306641e+00
7.301709413528442383e+00
7.417905569076538086e+00
7.534274339675903320e+00
7.652216434478759766e+00
7.770782470703125000e+00
7.886270284652709961e+00
8.021574974060058594e+00
8.161030769348144531e+00
8.269354581832885742e+00
8.373346328735351562e+00
8.485947132110595703e+00
8.574800252914428711e+00
8.673124790191650391e+00
8.783206939697265625e+00
8.869090318679809570e+00
8.958662271499633789e+00
9.063050270080566406e+00
9.224906921386718750e+00
9.353090524673461914e+00
9.482437133789062500e+00
9.640663146972656250e+00
9.744186878204345703e+00
9.874270200729370117e+00
9.988058090209960938e+00
1.011881256103515625e+01
1.023851752281188965e+01
1.035660290718078613e+01
1.047500777244567871e+01
1.060629367828369141e+01
1.070322155952453613e+01
1.078751826286315918e+01
1.088652276992797852e+01
1.102153301239013672e+01
1.113394427299499512e+01
1.125591516494750977e+01
1.137074446678161621e+01
1.148961400985717773e+01
1.157508921623229980e+01
1.168792510032653809e+01
1.184038186073303223e+01
1.194146299362182617e+01
1.208344316482543945e+01
1.219030809402465820e+01
1.230315518379211426e+01
1.239425086975097656e+01
