1.892626233098303601e+03
1.554521047324013807e+02
6.233015423070341399e+01
3.826449585191167557e+01
2.974381619234825891e+01
2.615418557119019738e+01
2.451169811878766680e+01
2.368446243015874941e+01
2.319393489676605924e+01
2.286642511048020765e+01
2.262852759406316139e+01
2.244688235024371181e+01
2.229613465113878945e+01
2.216322698666242630e+01
2.204576569100824202e+01
2.194096586682944405e+01
2.184808964156016486e+01
2.176174545667032945e+01
2.168210911789070749e+01
2.161079170566238616e+01
2.153908066750161510e+01
2.147470136076273661e+01
2.140835602224738921e+01
2.134825543918732649e+01
2.128616749022011234e+01
2.123022547846613151e+01
2.117227734358830560e+01
2.112038443784017261e+01
2.106646893619175387e+01
2.101924532190896144e+01
2.097487760333570961e+01
2.093437847848857913e+01
2.089454176096915461e+01
2.086052574446522456e+01
2.082462781383089379e+01
2.078910353825943247e+01
2.075091705337991144e+01
2.071859907721707117e+01
2.068638564996044948e+01
2.065997938252666799e+01
2.063087889211100290e+01
2.060186269088431033e+01
2.057293035547773741e+01
2.054983315806607891e+01
2.052423945825702134e+01
2.049871184388649326e+01
2.047871268246075260e+01
2.045951553391282118e+01
2.043786909599474200e+01
2.041627191111750150e+01
2.039483208846932882e+01
2.037879431699060717e+01
2.036278787669213131e+01
2.034431976868452452e+01
2.032588789558667131e+01
2.030749213639136030e+01
2.029426046718399235e+01
2.028142273007207308e+01
2.026938632724067091e+01
2.025475277550920339e+01
2.024014405741088041e+01
2.022556010431065587e+01
2.021600054903892385e+01
2.020645445419460629e+01
2.019692179153155109e+01
2.018740253289215048e+01
2.017528908584500869e+01
2.016319199391858419e+01
2.015371508365288378e+01
2.014661612230168330e+01
2.013952462339529603e+01
2.013244057526660669e+01
2.012536396627575641e+01
2.011829478481009659e+01
2.011123301928405382e+01
2.010158080260734437e+01
2.009193837977311148e+01
2.008490049534573885e+01
2.007527606682047150e+01
2.007318705375145740e+01
2.006357629149703214e+01
2.005890208957717391e+01
2.005423114443135546e+01
2.004956345269343387e+01
2.004489901100248161e+01
2.004023781600275811e+01
2.003557986434370264e+01
2.003092515267992368e+01
2.002627367767120248e+01
2.001903868755455562e+01
2.001439423456943700e+01
2.000716806907789547e+01
2.000253062234320467e+01
1.999789639445291556e+01
1.999068280643935935e+01
1.999095108071545468e+01
1.998374314292489373e+01
1.998143152565087988e+01
1.997912070963970521e+01
1.997681069448030300e+01
