3.509521484375000000e-04
1.301050901412963867e+00
1.474021911621093750e+00
1.618659973144531250e+00
1.762479543685913086e+00
1.906371355056762695e+00
2.054373264312744141e+00
2.210944890975952148e+00
2.415063142776489258e+00
2.573371171951293945e+00
2.744211673736572266e+00
2.949479341506958008e+00
3.129078865051269531e+00
3.322499513626098633e+00
3.475256919860839844e+00
3.643702745437622070e+00
3.774461269378662109e+00
3.904790401458740234e+00
4.119974851608276367e+00
4.347171545028686523e+00
4.470627784729003906e+00
4.602859973907470703e+00
4.748589992523193359e+00
4.897138118743896484e+00
5.050629138946533203e+00
5.219306230545043945e+00
5.394655704498291016e+00
5.516097068786621094e+00
5.649956941604614258e+00
5.815293073654174805e+00
6.023202180862426758e+00
6.192456483840942383e+00
6.460621595382690430e+00
6.668186664581298828e+00
6.874255895614624023e+00
7.053121089935302734e+00
7.187054634094238281e+00
7.368366956710815430e+00
7.506000041961669922e+00
7.780834674835205078e+00
7.941064596176147461e+00
8.084808826446533203e+00
8.233240842819213867e+00
8.445771455764770508e+00
8.559240102767944336e+00
8.689329385757446289e+00
8.815471172332763672e+00
8.961780309677124023e+00
9.121036291122436523e+00
9.351364850997924805e+00
9.532841205596923828e+00
9.701945066452026367e+00
1.001544761657714844e+01
1.016306805610656738e+01
1.033486318588256836e+01
1.050405812263488770e+01
1.066189169883728027e+01
1.081292343139648438e+01
1.098735618591308594e+01
1.132116627693176270e+01
1.144989371299743652e+01
1.158737635612487793e+01
1.171683907508850098e+01
1.187169218063354492e+01
1.197434282302856445e+01
1.210426616668701172e+01
1.233195829391479492e+01
1.269849061965942383e+01
1.284557461738586426e+01
1.301589965820312500e+01
1.321167683601379395e+01
1.354696321487426758e+01
1.370773315429687500e+01
1.386478734016418457e+01
1.400706267356872559e+01
1.414271426200866699e+01
1.431330966949462891e+01
1.443812894821166992e+01
1.468763709068298340e+01
1.482353830337524414e+01
1.495413017272949219e+01
1.512268924713134766e+01
1.539787220954895020e+01
1.555244565010070801e+01
1.584329366683959961e+01
1.602491664886474609e+01
1.621473670005798340e+01
1.647226810455322266e+01
1.667389082908630371e+01
1.682779717445373535e+01
1.696200060844421387e+01
1.709482884407043457e+01
1.735495209693908691e+01
1.751989603042602539e+01
1.768051505088806152e+01
1.785035157203674316e+01
1.807859134674072266e+01
1.822682905197143555e+01
1.836452198028564453e+01
1.850125122070312500e+01
