1.497268676757812500e-04
1.447683572769165039e+00
1.633431673049926758e+00
1.775102853775024414e+00
1.912230253219604492e+00
2.055073738098144531e+00
2.211525917053222656e+00
2.369702577590942383e+00
2.560474634170532227e+00
2.722035169601440430e+00
2.895205259323120117e+00
3.084029197692871094e+00
3.260368824005126953e+00
3.466530561447143555e+00
3.633432865142822266e+00
3.800936222076416016e+00
3.932236671447753906e+00
4.064938306808471680e+00
4.269756793975830078e+00
4.497954368591308594e+00
4.625836372375488281e+00
4.759286165237426758e+00
4.907511949539184570e+00
5.047729969024658203e+00
5.196579456329345703e+00
5.371441125869750977e+00
5.553890228271484375e+00
5.664640426635742188e+00
5.799041271209716797e+00
5.963166952133178711e+00
6.161591529846191406e+00
6.329441070556640625e+00
6.600301742553710938e+00
6.831863164901733398e+00
6.968459606170654297e+00
7.196958780288696289e+00
7.347314119338989258e+00
7.517499446868896484e+00
7.667830944061279297e+00
7.949137449264526367e+00
8.091358423233032227e+00
8.244346857070922852e+00
8.394494056701660156e+00
8.572015285491943359e+00
8.701132059097290039e+00
8.830387353897094727e+00
8.946767091751098633e+00
9.098199844360351562e+00
9.278504848480224609e+00
9.506577968597412109e+00
9.689122676849365234e+00
9.871931076049804688e+00
1.017742609977722168e+01
1.032445263862609863e+01
1.049835610389709473e+01
1.065311551094055176e+01
1.082430911064147949e+01
1.097619676589965820e+01
1.122344875335693359e+01
1.147132706642150879e+01
1.159224462509155273e+01
1.173849797248840332e+01
1.187447905540466309e+01
1.203166794776916504e+01
1.214035558700561523e+01
1.226366257667541504e+01
1.247934222221374512e+01
1.281013274192810059e+01
1.299910926818847656e+01
1.316538715362548828e+01
1.337144351005554199e+01
1.369496202468872070e+01
1.386477565765380859e+01
1.400082492828369141e+01
1.415074253082275391e+01
1.429093265533447266e+01
1.446187281608581543e+01
1.468118762969970703e+01
1.485812759399414062e+01
1.498980593681335449e+01
1.511797523498535156e+01
1.527282381057739258e+01
1.554868698120117188e+01
1.572053742408752441e+01
1.599267721176147461e+01
1.617522931098937988e+01
1.638685107231140137e+01
1.660458493232727051e+01
1.679617786407470703e+01
1.697542476654052734e+01
1.712259554862976074e+01
1.725468420982360840e+01
1.751854896545410156e+01
1.768365979194641113e+01
1.781946396827697754e+01
1.797244477272033691e+01
1.825919580459594727e+01
1.838583922386169434e+01
1.853524494171142578e+01
1.866264486312866211e+01
