1.723766326904296875e-04
5.213918685913085938e-01
7.022731304168701172e-01
8.463816642761230469e-01
9.889967441558837891e-01
1.122601747512817383e+00
1.289866924285888672e+00
1.447464942932128906e+00
1.665290594100952148e+00
1.807584762573242188e+00
1.980514526367187500e+00
2.133230686187744141e+00
2.319666862487792969e+00
2.524398088455200195e+00
2.687351703643798828e+00
2.855723142623901367e+00
2.984610080718994141e+00
3.119099378585815430e+00
3.334435462951660156e+00
3.567871093750000000e+00
3.671936750411987305e+00
3.809128522872924805e+00
3.967646121978759766e+00
4.131608009338378906e+00
4.263340473175048828e+00
4.448980093002319336e+00
4.613496065139770508e+00
4.722323417663574219e+00
4.867774486541748047e+00
5.037386894226074219e+00
5.231201648712158203e+00
5.387748241424560547e+00
5.709675073623657227e+00
5.874408960342407227e+00
6.028526067733764648e+00
6.254492044448852539e+00
6.394257068634033203e+00
6.571650028228759766e+00
6.715637445449829102e+00
6.999568462371826172e+00
7.150355100631713867e+00
7.290116071701049805e+00
7.450937032699584961e+00
7.632353067398071289e+00
7.760573387145996094e+00
7.890606880187988281e+00
8.006328344345092773e+00
8.158197641372680664e+00
8.330763101577758789e+00
8.565273284912109375e+00
8.737109422683715820e+00
8.925557136535644531e+00
9.222923994064331055e+00
9.372794866561889648e+00
9.545717477798461914e+00
9.699637174606323242e+00
9.873944282531738281e+00
1.002398967742919922e+01
1.019914793968200684e+01
1.053513598442077637e+01
1.069069004058837891e+01
1.079612922668457031e+01
1.092354083061218262e+01
1.106285429000854492e+01
1.118626213073730469e+01
1.131712031364440918e+01
1.153623485565185547e+01
1.188982939720153809e+01
1.205808138847351074e+01
1.222345614433288574e+01
1.242939686775207520e+01
1.278078031539916992e+01
1.291556859016418457e+01
1.306002759933471680e+01
1.322666358947753906e+01
1.336185455322265625e+01
1.351234006881713867e+01
1.365163207054138184e+01
1.389942216873168945e+01
1.403608179092407227e+01
1.416620707511901855e+01
1.432907342910766602e+01
1.462052130699157715e+01
1.476451253890991211e+01
1.504981875419616699e+01
1.523466825485229492e+01
1.546044516563415527e+01
1.566227602958679199e+01
1.585533094406127930e+01
1.603475475311279297e+01
1.617602777481079102e+01
1.633406496047973633e+01
1.660981917381286621e+01
1.675032758712768555e+01
1.687488245964050293e+01
1.702991271018981934e+01
1.731669378280639648e+01
1.743757534027099609e+01
1.759461617469787598e+01
1.774172639846801758e+01
