4.929058285988010653e+02
1.081999283330760164e+02
4.841889778100981800e+01
3.290572110949288742e+01
2.784712618773836823e+01
2.564243558762263220e+01
2.460526146202319353e+01
2.406026277131167390e+01
2.372334139665470332e+01
2.348497342488415640e+01
2.330744202674179277e+01
2.316015655553752239e+01
2.302895816233712623e+01
2.291248303564623612e+01
2.280289400025273139e+01
2.269957484875372700e+01
2.260524354380643075e+01
2.251603766875054191e+01
2.243255909424012629e+01
2.235553092869159997e+01
2.227965038065945791e+01
2.221007941698869104e+01
2.214114141523250012e+01
2.207478876841782167e+01
2.201184767762746475e+01
2.195165084020720414e+01
2.189327126333120432e+01
2.183819776695613513e+01
2.178558520346705762e+01
2.173476884307538626e+01
2.168743422941139087e+01
2.164430697761729760e+01
2.160418413663851567e+01
2.156340872631558625e+01
2.152544866343645324e+01
2.148810034473945052e+01
2.145407400166187628e+01
2.142013602970533270e+01
2.138627922916934665e+01
2.135482208649548852e+01
2.132608262434414570e+01
2.130015129479065195e+01
2.127767932150906915e+01
2.125599426893948163e+01
2.123420863824637905e+01
2.121597487520465464e+01
2.119834885341370523e+01
2.118138870959489495e+01
2.116478610297072294e+01
2.114883650734681098e+01
2.113427654176426884e+01
2.112005938372583103e+01
2.110432397142148275e+01
2.108974371480220356e+01
2.107683120399843091e+01
2.106476613172695878e+01
2.105370183543265128e+01
2.104336327250740268e+01
2.103410383450719934e+01
2.102578906131584802e+01
2.101698875664190780e+01
2.100820718272835208e+01
2.100036358826905669e+01
2.099274333183829810e+01
2.098584803341061189e+01
2.097952697920307230e+01
2.097281195240966412e+01
2.096677056673247819e+01
2.096024635139628245e+01
2.095505515733242063e+01
2.095036493687511836e+01
2.094420500800887552e+01
2.093920618313364201e+01
2.093438204761125121e+01
2.092956473864430933e+01
2.092492078688483659e+01
2.092044925506107944e+01
2.091598327745465724e+01
2.091218034266687908e+01
2.090723334054426630e+01
2.090426233234500231e+01
2.090112060526519144e+01
2.089818341371157118e+01
2.089476944860481922e+01
2.089183870693737077e+01
2.088843133211835124e+01
2.088454759436558561e+01
2.088175726085036743e+01
2.087996456272431089e+01
2.087858304508574747e+01
2.087552133725118608e+01
2.087470265414063419e+01
2.087388485912705249e+01
2.087306795141787319e+01
2.087129504272310498e+01
2.086952312951035893e+01
2.086844667891869776e+01
2.086652237451809455e+01
2.086506252744499434e+01
2.086314000903914945e+01
