5.182325897602042915e+02
1.181590293437092924e+02
5.513643078642921580e+01
3.724684483346061370e+01
3.096438164662259140e+01
2.827976936323131696e+01
2.692752433317664895e+01
2.618323389872298179e+01
2.571821557859822249e+01
2.539534894615044180e+01
2.516767580801984749e+01
2.498894588110628234e+01
2.483490936627363510e+01
2.470116970993636940e+01
2.457704471287034664e+01
2.446414157379874155e+01
2.435851455421722278e+01
2.425844869057593911e+01
2.416227681715804820e+01
2.407067661062646025e+01
2.397969123217099252e+01
2.389780957843204590e+01
2.381562778788563861e+01
2.373547130977245700e+01
2.365880903206835839e+01
2.358586117666459359e+01
2.351527947513820038e+01
2.344897685719071134e+01
2.338286675439078266e+01
2.331849734674710817e+01
2.325886403723061591e+01
2.320302676331179725e+01
2.314881247208575132e+01
2.309355889530661798e+01
2.304206597201667961e+01
2.299161518271704452e+01
2.294623766680425447e+01
2.290091244342665178e+01
2.285579789249668892e+01
2.281543235899549771e+01
2.277772868833896780e+01
2.274328525657622180e+01
2.271003938256366084e+01
2.267793029348660028e+01
2.264559033013227207e+01
2.261606589528980749e+01
2.258783847882272156e+01
2.256101400773918186e+01
2.253473689707609395e+01
2.250945617791046516e+01
2.248759016468464722e+01
2.246659843481428709e+01
2.244289288108248570e+01
2.242101140122775504e+01
2.240186847190215147e+01
2.238411538077391327e+01
2.236548606126618921e+01
2.234639122680464851e+01
2.232867576880029148e+01
2.231274193079833879e+01
2.229592223890388425e+01
2.227914060911765404e+01
2.226412716793735314e+01
2.224954898660088531e+01
2.223632501124489735e+01
2.222260722649217612e+01
2.220799367863796903e+01
2.219472675880730250e+01
2.218056258774119982e+01
2.216905830711395708e+01
2.215849450998793913e+01
2.214518832650366775e+01
2.213413756226028539e+01
2.212349822333767690e+01
2.211287514148000000e+01
2.210266028560683083e+01
2.209285140022550564e+01
2.208305571855017746e+01
2.207458232392028208e+01
2.206389311003743359e+01
2.205713970093799503e+01
2.204947627725741199e+01
2.204182180743999808e+01
2.203325780133714318e+01
2.202562132584954213e+01
2.201707559968276229e+01
2.200762116837962523e+01
2.200039641981810590e+01
2.199524966975381801e+01
2.199010761725985219e+01
2.198106776368697268e+01
2.197723678702011796e+01
2.197340962974661949e+01
2.196958628880498665e+01
2.196393209430264193e+01
2.195828195286271622e+01
2.195355291824925104e+01
2.194699381307840369e+01
2.194135580670343799e+01
2.193480520722447480e+01
