2.157316664642973478e+02
1.163807482754509692e+02
5.136975907495035898e+01
3.333321700163692469e+01
2.735162984577410583e+01
2.479116024014922459e+01
2.351862066380049043e+01
2.284285100491330311e+01
2.243574199373099276e+01
2.216227791974771577e+01
2.197258967145016584e+01
2.182284460380982338e+01
2.169332544160834786e+01
2.158041414889971321e+01
2.147662157079272305e+01
2.138021911801207509e+01
2.129151244670035226e+01
2.121018609052871540e+01
2.113313085533246394e+01
2.105977320859848589e+01
2.098750451375709503e+01
2.092409258489892210e+01
2.086099644177010148e+01
2.080258518109012300e+01
2.074887403191420532e+01
2.069771371738009691e+01
2.064747007692067626e+01
2.060004232236162380e+01
2.055222062550845408e+01
2.050557864738900804e+01
2.046292405326262553e+01
2.042308377124215468e+01
2.038485737328775826e+01
2.034548092114091489e+01
2.030923286384489401e+01
2.027316459335674637e+01
2.024223697072829964e+01
2.021126287426103474e+01
2.018000719023405765e+01
2.015132637675558414e+01
2.012473110020805223e+01
2.010006482865811961e+01
2.007617952216048707e+01
2.005307987789483448e+01
2.002968169707821744e+01
2.000851734140159266e+01
1.998787262466932546e+01
1.996796051370838043e+01
1.994900521720025921e+01
1.993124651209604536e+01
1.991556219234774971e+01
1.990021558798304824e+01
1.988233993317665949e+01
1.986593791188569114e+01
1.985186087082715645e+01
1.983896307764238287e+01
1.982524482836534929e+01
1.981098193760918846e+01
1.979788991521194674e+01
1.978623824322907865e+01
1.977375795985386731e+01
1.976130814529423674e+01
1.975028803293579571e+01
1.974066153404826807e+01
1.973242724542937410e+01
1.972361204974374971e+01
1.971399398642013878e+01
1.970543621233322185e+01
1.969607428847631070e+01
1.968880889276580959e+01
1.968237962325195411e+01
1.967350029971886016e+01
1.966649449052582810e+01
1.965971723459059461e+01
1.965295194588765781e+01
1.964641280928051970e+01
1.964009813381026603e+01
1.963396916304645146e+01
1.962925542929841782e+01
1.962282140289407550e+01
1.961926650747424006e+01
1.961494665211277066e+01
1.961063315160971854e+01
1.960555470018092095e+01
1.960125388868814866e+01
1.959618817678927627e+01
1.959035774242189376e+01
1.958625835401790738e+01
1.958348187288337527e+01
1.958070878586876518e+01
1.957508139891888277e+01
1.957326815629345163e+01
1.957145779530868168e+01
1.956965031390448928e+01
1.956630326325580427e+01
1.956295902229117445e+01
1.956038870256134743e+01
1.955627895821942275e+01
1.955294312952612046e+01
1.954883916194534876e+01
