9.229227082464686305e+01
1.199167721266254318e+02
5.431596376812291993e+01
3.503871972720883576e+01
2.831718723433610663e+01
2.554936463107470956e+01
2.429655003789608259e+01
2.364591018024385605e+01
2.326958366872176498e+01
2.301370828561637438e+01
2.282490789577280665e+01
2.267638837534834551e+01
2.254795653846146308e+01
2.243746937907559058e+01
2.233457972781387468e+01
2.223838529325993107e+01
2.214929360571530736e+01
2.206615611695331225e+01
2.198632208385123832e+01
2.191223042361973228e+01
2.184139666460857043e+01
2.177874939034761326e+01
2.171536675721440446e+01
2.165797624912350727e+01
2.160486785355869088e+01
2.155462489761747591e+01
2.150560295145936962e+01
2.145934320740807522e+01
2.141262195948726799e+01
2.136702410528828366e+01
2.132631507802263116e+01
2.128990112754886965e+01
2.125573102793776314e+01
2.122146124688884683e+01
2.119002109463847461e+01
2.115883812002774533e+01
2.113202779689804700e+01
2.110481287644853055e+01
2.107718912022912150e+01
2.105138608312043402e+01
2.102653235606034698e+01
2.100327530459557579e+01
2.098041057528816467e+01
2.095823329434387361e+01
2.093554557033210983e+01
2.091530857009277611e+01
2.089543738940297146e+01
2.087622230372064536e+01
2.085736170585731841e+01
2.083914371676491228e+01
2.082304346981856114e+01
2.080728201062791527e+01
2.078890843384867537e+01
2.077204441144410652e+01
2.075756729830677472e+01
2.074429819713081713e+01
2.073017892679601459e+01
2.071549397171931162e+01
2.070200958245119693e+01
2.069000386027354921e+01
2.067714142123693222e+01
2.066430634592860471e+01
2.065294024865352185e+01
2.064187610279983787e+01
2.063199414302735590e+01
2.062152666553812708e+01
2.061019575600266762e+01
2.060004160486416325e+01
2.058902308076869758e+01
2.058033380788965871e+01
2.057253995469503494e+01
2.056220491772869963e+01
2.055387308543307512e+01
2.054582927230725886e+01
2.053779716353560758e+01
2.053005079337901861e+01
2.052258855216453526e+01
2.051513583984986866e+01
2.050880934271549449e+01
2.050053102096100588e+01
2.049560885200751414e+01
2.048984918134645383e+01
2.048409595809556905e+01
2.047750565127533662e+01
2.047176540641756759e+01
2.046518833385487213e+01
2.045777491810428828e+01
2.045232303165875010e+01
2.044852495111960167e+01
2.044473024798831062e+01
2.043760737583319909e+01
2.043493055535723357e+01
2.043225648119243587e+01
2.042958515157744159e+01
2.042523149340345512e+01
2.042088078018290531e+01
2.041737530050574989e+01
2.041218817814187503e+01
2.040784628410016666e+01
2.040266541327782690e+01
