5.984306335449218750e-04
6.455910205841064453e-01
7.190175056457519531e-01
7.970836162567138672e-01
9.278919696807861328e-01
1.013575077056884766e+00
1.114509105682373047e+00
1.201145648956298828e+00
1.295778751373291016e+00
1.375301837921142578e+00
1.460206985473632812e+00
1.588134050369262695e+00
1.703337430953979492e+00
1.852223396301269531e+00
1.941626548767089844e+00
2.016747474670410156e+00
2.134815216064453125e+00
2.229913711547851562e+00
2.396114587783813477e+00
2.498950481414794922e+00
2.646326303482055664e+00
2.763501882553100586e+00
2.823739528656005859e+00
2.926004648208618164e+00
3.022616147994995117e+00
3.096015453338623047e+00
3.220870733261108398e+00
3.300899267196655273e+00
3.428371667861938477e+00
3.566966533660888672e+00
3.816612005233764648e+00
3.897650957107543945e+00
3.992474079132080078e+00
4.104083061218261719e+00
4.181132555007934570e+00
4.277820110321044922e+00
4.377041339874267578e+00
4.453587055206298828e+00
4.542424678802490234e+00
4.641438722610473633e+00
4.710955381393432617e+00
4.854822397232055664e+00
4.962620735168457031e+00
5.084595203399658203e+00
5.180155754089355469e+00
5.281887531280517578e+00
5.418687343597412109e+00
5.513151884078979492e+00
5.610044956207275391e+00
5.713208675384521484e+00
5.850080728530883789e+00
5.930601119995117188e+00
6.062535762786865234e+00
6.148856639862060547e+00
6.252303361892700195e+00
6.414405584335327148e+00
6.539885044097900391e+00
6.621302366256713867e+00
6.702405452728271484e+00
6.833682537078857422e+00
6.934449911117553711e+00
7.043353557586669922e+00
7.140326499938964844e+00
7.228754520416259766e+00
7.348526000976562500e+00
7.396322250366210938e+00
7.533278942108154297e+00
7.668712139129638672e+00
7.786006450653076172e+00
7.941677093505859375e+00
8.062724351882934570e+00
8.164031267166137695e+00
8.256769657135009766e+00
8.371788263320922852e+00
8.433949947357177734e+00
8.539403438568115234e+00
8.619219064712524414e+00
8.715911626815795898e+00
8.819527149200439453e+00
8.924899578094482422e+00
8.994126319885253906e+00
9.073632717132568359e+00
9.150300025939941406e+00
9.237846136093139648e+00
9.319648027420043945e+00
9.429652929306030273e+00
9.520212411880493164e+00
9.625174999237060547e+00
9.724662065505981445e+00
9.847485780715942383e+00
9.957740783691406250e+00
1.012752413749694824e+01
1.019575834274291992e+01
1.029660582542419434e+01
1.039974188804626465e+01
1.046889662742614746e+01
1.063250923156738281e+01
1.073022294044494629e+01
1.082006144523620605e+01
1.089670205116271973e+01
