2.248287200927734375e-04
7.051372528076171875e-02
1.482493877410888672e-01
2.226371765136718750e-01
3.398516178131103516e-01
4.253163337707519531e-01
5.378735065460205078e-01
6.171741485595703125e-01
7.078723907470703125e-01
7.885065078735351562e-01
8.757841587066650391e-01
1.011555433273315430e+00
1.140759229660034180e+00
1.269479036331176758e+00
1.350625038146972656e+00
1.437272787094116211e+00
1.556963682174682617e+00
1.671642303466796875e+00
1.843353033065795898e+00
1.953703880310058594e+00
2.072751998901367188e+00
2.185379981994628906e+00
2.284733057022094727e+00
2.350976467132568359e+00
2.446848630905151367e+00
2.536285638809204102e+00
2.647129297256469727e+00
2.732889890670776367e+00
2.843809366226196289e+00
3.031684398651123047e+00
3.235795736312866211e+00
3.329034805297851562e+00
3.422647714614868164e+00
3.528187751770019531e+00
3.623329877853393555e+00
3.708521604537963867e+00
3.803660631179809570e+00
3.873167276382446289e+00
3.961869955062866211e+00
4.059858798980712891e+00
4.136854887008666992e+00
4.274426221847534180e+00
4.415832042694091797e+00
4.507610321044921875e+00
4.600108146667480469e+00
4.710646390914916992e+00
4.827902555465698242e+00
4.956780433654785156e+00
5.032672882080078125e+00
5.166588306427001953e+00
5.271252870559692383e+00
5.348905324935913086e+00
5.491040229797363281e+00
5.587959289550781250e+00
5.696638107299804688e+00
5.842478752136230469e+00
5.977307796478271484e+00
6.035455226898193359e+00
6.144726753234863281e+00
6.263588190078735352e+00
6.403556108474731445e+00
6.466917037963867188e+00
6.567541122436523438e+00
6.658502817153930664e+00
6.755279064178466797e+00
6.871671676635742188e+00
6.991979598999023438e+00
7.091289520263671875e+00
7.224378108978271484e+00
7.371666669845581055e+00
7.480309963226318359e+00
7.580364227294921875e+00
7.680917501449584961e+00
7.782387971878051758e+00
7.861221790313720703e+00
7.971955299377441406e+00
8.043700218200683594e+00
8.130344867706298828e+00
8.243206501007080078e+00
8.339620351791381836e+00
8.415532112121582031e+00
8.490880966186523438e+00
8.571050405502319336e+00
8.662198066711425781e+00
8.758619785308837891e+00
8.853375673294067383e+00
8.959096908569335938e+00
9.058373689651489258e+00
9.151549577713012695e+00
9.270573139190673828e+00
9.428119897842407227e+00
9.549174308776855469e+00
9.640975952148437500e+00
9.739293813705444336e+00
9.821915626525878906e+00
9.955244779586791992e+00
1.006164240837097168e+01
1.016311812400817871e+01
1.024074244499206543e+01
1.032957482337951660e+01
