1.590251922607421875e-04
7.821450233459472656e-01
8.556044101715087891e-01
9.315481185913085938e-01
1.023351669311523438e+00
1.123332500457763672e+00
1.225715637207031250e+00
1.307570934295654297e+00
1.408850908279418945e+00
1.486483097076416016e+00
1.568915128707885742e+00
1.713301658630371094e+00
1.842783689498901367e+00
1.961585998535156250e+00
2.058540344238281250e+00
2.153104543685913086e+00
2.245720386505126953e+00
2.362997293472290039e+00
2.534855604171752930e+00
2.645355701446533203e+00
2.777785062789916992e+00
2.880322456359863281e+00
2.983880996704101562e+00
3.054374933242797852e+00
3.147572278976440430e+00
3.237061977386474609e+00
3.338407993316650391e+00
3.436623334884643555e+00
3.557619571685791016e+00
3.783396005630493164e+00
3.906589031219482422e+00
4.005506515502929688e+00
4.123408555984497070e+00
4.228935003280639648e+00
4.307827234268188477e+00
4.386731386184692383e+00
4.451119899749755859e+00
4.567987203598022461e+00
4.653101921081542969e+00
4.725938558578491211e+00
4.823533535003662109e+00
4.945276975631713867e+00
5.098191738128662109e+00
5.183957576751708984e+00
5.274849414825439453e+00
5.378984212875366211e+00
5.529771804809570312e+00
5.641439914703369141e+00
5.747432947158813477e+00
5.829143762588500977e+00
5.943467378616333008e+00
6.012768507003784180e+00
6.193324327468872070e+00
6.302016735076904297e+00
6.403525352478027344e+00
6.544850111007690430e+00
6.665667533874511719e+00
6.746781349182128906e+00
6.873311519622802734e+00
6.965572357177734375e+00
7.087987661361694336e+00
7.174800395965576172e+00
7.265271902084350586e+00
7.360201358795166016e+00
7.455783128738403320e+00
7.523690223693847656e+00
7.686215639114379883e+00
7.775119066238403320e+00
7.909974575042724609e+00
8.053705453872680664e+00
8.169884204864501953e+00
8.269438266754150391e+00
8.368490219116210938e+00
8.472205877304077148e+00
8.560026645660400391e+00
8.670162916183471680e+00
8.742741107940673828e+00
8.838470935821533203e+00
8.933568477630615234e+00
9.033032178878784180e+00
9.103522539138793945e+00
9.172899007797241211e+00
9.265318870544433594e+00
9.344179153442382812e+00
9.421483516693115234e+00
9.540493726730346680e+00
9.636320114135742188e+00
9.738130807876586914e+00
9.852461338043212891e+00
9.975983858108520508e+00
1.011249375343322754e+01
1.022296285629272461e+01
1.034575915336608887e+01
1.044394874572753906e+01
1.052457594871520996e+01
1.063157939910888672e+01
1.076907372474670410e+01
1.084800720214843750e+01
1.094544792175292969e+01
1.103561592102050781e+01
