2.878398974180490313e+03
1.358786812038376581e+02
1.211974698784691498e+02
5.456633095590665761e+01
5.449700020725903471e+01
3.641965139536971208e+01
3.640253754723325841e+01
3.031066183725894092e+01
3.030387068368601433e+01
2.770033817264089393e+01
2.770414677507957890e+01
2.644321966699332904e+01
2.644692373990288559e+01
2.574268647652276343e+01
2.574619056098775971e+01
2.528869371681040690e+01
2.529295186246742588e+01
2.496411102473433985e+01
2.496827002661676786e+01
2.470873663730300152e+01
2.471348335694598219e+01
2.449781609286667106e+01
2.450316084882954470e+01
2.432300306148634306e+01
2.433003268112814865e+01
2.417595904835041409e+01
2.417985100869204729e+01
2.403836483209260066e+01
2.404373090344377317e+01
2.391157959399150812e+01
2.391539218709736758e+01
2.379164088659213405e+01
2.379392929021411263e+01
2.367540724223749748e+01
2.367698903740846461e+01
2.356423578376682926e+01
2.356726352836978222e+01
2.346781761864136229e+01
2.347187203478599571e+01
2.337759825429116844e+01
2.338229791356776488e+01
2.329177216873087275e+01
2.329551831373626669e+01
2.321229868912262617e+01
2.321601277979637956e+01
2.313871849177517248e+01
2.314226158747128892e+01
2.306887714358664709e+01
2.307177550931020349e+01
2.300251880691481432e+01
2.300539216962978273e+01
2.293720647729527329e+01
2.294005556289017633e+01
2.287587307042024065e+01
2.287869924814489053e+01
2.282178317700753567e+01
2.282493196672085389e+01
2.276932800312867045e+01
2.277245650524499609e+01
2.271872533706173414e+01
2.272183440407088995e+01
2.267002090382526447e+01
2.267239433754458489e+01
2.262507994127621558e+01
2.262743655315111369e+01
2.258071114693021286e+01
2.258305144840076650e+01
2.253864755440579160e+01
2.254097233689701696e+01
2.249664747584723656e+01
2.249895702609166648e+01
2.245754428119616009e+01
2.245983940689716363e+01
2.241847114078500169e+01
2.242075210935592011e+01
2.238096684625515564e+01
2.238323435035833953e+01
2.234628209467955173e+01
2.234853689860698367e+01
2.231094107478845245e+01
2.231509551729064356e+01
2.227856857153670589e+01
2.228035280964441256e+01
2.224551980520543992e+01
2.224729466549159440e+01
2.221467528840944894e+01
2.221743611503034543e+01
2.218660649839120680e+01
2.218909202929086888e+01
2.216090340262465830e+01
2.216398164760237677e+01
2.213822474759111003e+01
2.214031882718651900e+01
2.211540307603220157e+01
2.211554512913320281e+01
2.209243497156239755e+01
2.209220459063173791e+01
2.206966267969557904e+01
2.207128037956094602e+01
2.205029610082852898e+01
