5.290489716220855371e+03
1.347579112966742514e+02
1.120817087113415198e+02
4.950109816101047500e+01
4.943685662300787698e+01
3.287510883945820694e+01
3.285812743150576409e+01
2.750245974674369620e+01
2.749659905439630592e+01
2.542526891633790953e+01
2.542872065875692300e+01
2.443079828055990177e+01
2.443446453009912744e+01
2.393744323500927607e+01
2.394103839213276075e+01
2.364253589187197235e+01
2.364623204620450281e+01
2.342632719479659187e+01
2.342981924243445846e+01
2.325410798447970251e+01
2.325765439981977067e+01
2.310347008354433740e+01
2.310707189193251310e+01
2.296606659403969886e+01
2.297066257644192433e+01
2.283994908536271495e+01
2.284262621294846340e+01
2.271998749110204585e+01
2.272354310505652109e+01
2.260756672189937788e+01
2.261017585506819572e+01
2.250055544439847921e+01
2.250224346542371379e+01
2.239703127165206809e+01
2.239861146206326481e+01
2.229777227494886205e+01
2.230020671192734127e+01
2.220266261960316712e+01
2.220593237464089853e+01
2.211167392391292807e+01
2.211568112555601928e+01
2.202421554714771545e+01
2.202804251848795047e+01
2.194094165525869045e+01
2.194468978307551055e+01
2.186468311535487885e+01
2.186831860733045119e+01
2.179073056815190412e+01
2.179420353873440064e+01
2.172143064711675819e+01
2.172478329137538466e+01
2.165386552848933377e+01
2.165719239148223707e+01
2.158981003937206111e+01
2.159311264974634170e+01
2.152836355719257710e+01
2.153181300225422845e+01
2.146865428495436490e+01
2.147207978073291201e+01
2.141182570442171595e+01
2.141518551443314067e+01
2.135744874579032881e+01
2.136057493671387419e+01
2.131013977492998990e+01
2.131294391980617675e+01
2.126445076921312705e+01
2.126723870621385970e+01
2.122088356183228797e+01
2.122363562520838798e+01
2.118128440380004207e+01
2.118368948271261942e+01
2.114512871729916554e+01
2.114752121861958045e+01
2.110942865840383575e+01
2.111180879350272832e+01
2.107614641748516959e+01
2.107835233336290770e+01
2.104625749708834803e+01
2.104845308816929617e+01
2.101656412507566074e+01
2.101932066554316236e+01
2.098926637948381568e+01
2.099091614194867006e+01
2.096289563786407228e+01
2.096453804845976876e+01
2.093764199342018273e+01
2.093983830235309540e+01
2.091490325809862938e+01
2.091701516238302361e+01
2.089502518218033700e+01
2.089697274352371181e+01
2.087722502703607574e+01
2.087869277901852172e+01
2.085968693835889098e+01
2.086020816830324165e+01
2.084479490594221573e+01
2.084493938317551454e+01
2.083035817467196082e+01
2.083127973108860687e+01
2.081722462993643674e+01
