2.442803277649841789e+02
8.114120470917296757e+01
1.325994822220866922e+02
6.225662428507988011e+01
6.218415331118153233e+01
4.172204439222175409e+01
4.170213254436399097e+01
3.419194744537211506e+01
3.418418956483786530e+01
3.085737949369342559e+01
3.086272995303173161e+01
2.909686553243386697e+01
2.910225777660815893e+01
2.805662712019405092e+01
2.806185880279790723e+01
2.740722290592038135e+01
2.741329587507105003e+01
2.695378798033511814e+01
2.695970370062500621e+01
2.659691477887929523e+01
2.660361530926524054e+01
2.630083232911849933e+01
2.630828759227185998e+01
2.604113300024955180e+01
2.605130715716778411e+01
2.581596343938772264e+01
2.582168642153744642e+01
2.560523068234452637e+01
2.561303857453707522e+01
2.541121240101027112e+01
2.541673773595285013e+01
2.522926586303971064e+01
2.523252080486501114e+01
2.505979517525538469e+01
2.506213708126354334e+01
2.489799834718103000e+01
2.490234241276361615e+01
2.474385853779309841e+01
2.475010653048310871e+01
2.460099836436619114e+01
2.460800496029268913e+01
2.446698706457589623e+01
2.447309172770935959e+01
2.434115893440758427e+01
2.434664259674137909e+01
2.423212844886653272e+01
2.423752123312870310e+01
2.412908810480911725e+01
2.413332121817808940e+01
2.403331490825829775e+01
2.403738141407091078e+01
2.394160886237464680e+01
2.394563266407685376e+01
2.385558860940828652e+01
2.385957203703687313e+01
2.377352538659658876e+01
2.377829487898871008e+01
2.369373250203447867e+01
2.369846335767054057e+01
2.361888678327524005e+01
2.362343811436229402e+01
2.354652663135999191e+01
2.355024264246731036e+01
2.347926468422731716e+01
2.348287283665222702e+01
2.341395833557982797e+01
2.341753553906265495e+01
2.335560342130824196e+01
2.335891833035750054e+01
2.329833691610613755e+01
2.330147894051794566e+01
2.324653732748131318e+01
2.324957566358107641e+01
2.319553620377903869e+01
2.319854862261723483e+01
2.314667876524513446e+01
2.314966775585988756e+01
2.310149282113258806e+01
2.310445962078986071e+01
2.305561146669348460e+01
2.306091425138057360e+01
2.301353391860334341e+01
2.301587322191697638e+01
2.297072381572557376e+01
2.297304685414113834e+01
2.293009976756608381e+01
2.293376857260660984e+01
2.289244108718167681e+01
2.289603734205737595e+01
2.285520369439529986e+01
2.285961083561143070e+01
2.282228923205708426e+01
2.282530337824060140e+01
2.278926271738347253e+01
2.278951981267616134e+01
2.275611409862875334e+01
2.275582538880250638e+01
2.272229734501232912e+01
2.272473492895149150e+01
2.269360373390485464e+01
