7.729786832873886624e+02
1.106580300114353719e+02
1.241827758662084307e+02
5.701971156731494261e+01
5.695205050314504547e+01
3.778022193840158138e+01
3.775853275476654858e+01
3.026148038983263078e+01
3.025271884935525435e+01
2.730028732237910560e+01
2.730372788614350910e+01
2.589794993342850660e+01
2.590163554826814263e+01
2.514564391627452977e+01
2.514907413575728157e+01
2.468335367757755350e+01
2.468729590817715192e+01
2.436052544864695690e+01
2.436443731825906411e+01
2.411634172679269739e+01
2.412080596307864511e+01
2.391634698378727819e+01
2.392146621609705903e+01
2.374432749985357560e+01
2.375150196266828218e+01
2.359315473376828365e+01
2.359712947399738425e+01
2.345178857852709342e+01
2.345726074105644443e+01
2.332160941283791544e+01
2.332549792119983678e+01
2.320574520211326330e+01
2.320788289511419578e+01
2.309821656478938934e+01
2.309966936888139699e+01
2.299545911210666915e+01
2.299827283276350798e+01
2.290058607451417316e+01
2.290451317171478252e+01
2.281515509110655415e+01
2.281944268358368078e+01
2.273918295542209478e+01
2.274264752521144572e+01
2.266580011276910511e+01
2.266923261243198340e+01
2.259791423880783157e+01
2.260124514628991932e+01
2.253283039652880149e+01
2.253543353214943323e+01
2.247222915912659502e+01
2.247470929343848667e+01
2.241251381130525999e+01
2.241496839150282483e+01
2.235673364763150062e+01
2.235916411717887797e+01
2.230501067111526936e+01
2.230800699302075429e+01
2.225578840348883958e+01
2.225876219971369707e+01
2.220829616139399221e+01
2.221124844856948144e+01
2.216262446595992941e+01
2.216472976624952196e+01
2.212086149140251479e+01
2.212287886669058778e+01
2.208072523778962193e+01
2.208272437234076335e+01
2.204280229442240824e+01
2.204478408837442061e+01
2.200480455562782112e+01
2.200676941902581873e+01
2.196969767015594854e+01
2.197164646688601053e+01
2.193567879670658982e+01
2.193742357053224623e+01
2.190343461301846162e+01
2.190512462007142247e+01
2.187416196902258747e+01
2.187583759581039544e+01
2.184368885414067307e+01
2.184792882519221990e+01
2.181696755325241099e+01
2.181821049995836503e+01
2.179004758511348783e+01
2.179128024695085841e+01
2.176473103849053459e+01
2.176709501504836197e+01
2.174152630288424604e+01
2.174385613394385786e+01
2.171801062577115005e+01
2.172120538497114950e+01
2.169810636946268900e+01
2.170012750441277305e+01
2.167960660701275799e+01
2.167921260093518754e+01
2.166104380829715126e+01
2.166041036484653759e+01
2.164170134255549627e+01
2.164327326947975649e+01
2.162575277973061461e+01
