1.084583956604598825e+03
1.878241293476257852e+02
1.213511877303159565e+02
5.471250466961515713e+01
5.464532342544831067e+01
3.610768623363203034e+01
3.609105830744569232e+01
3.017149523285323198e+01
3.016554584892567092e+01
2.772902621698530012e+01
2.773354394174779358e+01
2.657824931405705371e+01
2.658287795076623894e+01
2.595431405867390495e+01
2.595859613160752843e+01
2.556199352401762681e+01
2.556652991429930211e+01
2.527069236537694508e+01
2.527510282427720867e+01
2.503640806762540549e+01
2.504099584709778981e+01
2.483935094316994707e+01
2.484413534279180169e+01
2.466138443198455121e+01
2.466767798427437697e+01
2.450438679020961885e+01
2.450787155476591295e+01
2.435594202720193735e+01
2.436060667968345683e+01
2.422164733938136294e+01
2.422491187164980886e+01
2.409456128958467502e+01
2.409663808971820487e+01
2.397542393012268747e+01
2.397716755332107041e+01
2.386424899185812620e+01
2.386698400229000683e+01
2.375945538572927873e+01
2.376317920038034259e+01
2.366345446557449250e+01
2.366759915383202184e+01
2.357652643316999885e+01
2.358023690628194657e+01
2.349596299090443452e+01
2.349963581089530607e+01
2.342016106761542815e+01
2.342379869559303529e+01
2.334630767921236938e+01
2.334975702729832392e+01
2.328048195145945698e+01
2.328362828856386457e+01
2.321959005798773745e+01
2.322246172340028636e+01
2.316445793390385788e+01
2.316730661191245844e+01
2.311160040404361027e+01
2.311456428619408143e+01
2.306027213116926333e+01
2.306321367347521090e+01
2.301139186803270320e+01
2.301411972015721474e+01
2.296731150262297305e+01
2.296981667790810988e+01
2.292558968101550221e+01
2.292807726996951700e+01
2.288576161830202693e+01
2.288814432557051859e+01
2.284789539235934797e+01
2.285026179728093609e+01
2.281054643763912892e+01
2.281289687806476252e+01
2.277524848915355804e+01
2.277758383181149782e+01
2.274043201808377646e+01
2.274275257486888790e+01
2.270721237798449366e+01
2.270951889838649507e+01
2.267596518205577638e+01
2.267825847826678753e+01
2.264494633270505375e+01
2.264782903360296018e+01
2.261560444372788936e+01
2.261741871940542836e+01
2.258646902249903476e+01
2.258827358295263821e+01
2.255858082193741510e+01
2.256102411387680462e+01
2.253236971095866181e+01
2.253480158542928535e+01
2.250652851850520619e+01
2.250914732173440669e+01
2.248272657571515865e+01
2.248469428238090018e+01
2.245927141970042129e+01
2.245995532752662882e+01
2.243615790782372699e+01
2.243639981768762937e+01
2.241294432740597742e+01
2.241445091668975564e+01
2.239272882125982633e+01
