1.978874206542968750e-04
2.196049690246582031e-02
3.715140819549560547e-01
6.408836841583251953e-01
7.260489463806152344e-01
7.787337303161621094e-01
1.029438018798828125e+00
1.132375717163085938e+00
1.380308628082275391e+00
1.466229915618896484e+00
1.563385248184204102e+00
1.757110834121704102e+00
1.955818891525268555e+00
1.966392755508422852e+00
2.172015428543090820e+00
2.266615152359008789e+00
2.416861295700073242e+00
2.540831565856933594e+00
2.673331022262573242e+00
2.778200626373291016e+00
2.909590959548950195e+00
3.022093772888183594e+00
3.140602827072143555e+00
3.352839231491088867e+00
3.412553310394287109e+00
3.480222702026367188e+00
3.755940914154052734e+00
3.864696502685546875e+00
3.974707841873168945e+00
4.073096036911010742e+00
4.211583852767944336e+00
4.313670396804809570e+00
4.432193040847778320e+00
4.527573347091674805e+00
4.648138284683227539e+00
4.762975215911865234e+00
4.912797689437866211e+00
5.035328865051269531e+00
5.171310424804687500e+00
5.313266515731811523e+00
5.428150892257690430e+00
5.541038990020751953e+00
5.632847785949707031e+00
5.724069118499755859e+00
5.944750308990478516e+00
5.992385387420654297e+00
6.221384048461914062e+00
6.465374946594238281e+00
6.511537075042724609e+00
6.795580148696899414e+00
6.846966028213500977e+00
7.049286842346191406e+00
7.113507032394409180e+00
7.299884080886840820e+00
7.485432863235473633e+00
7.758433818817138672e+00
7.846655130386352539e+00
7.959261417388916016e+00
8.223102569580078125e+00
8.313775539398193359e+00
8.411767005920410156e+00
8.565244436264038086e+00
8.698175907135009766e+00
8.814190149307250977e+00
8.898344278335571289e+00
8.996999025344848633e+00
9.093888044357299805e+00
9.217468261718750000e+00
9.317055702209472656e+00
9.459679126739501953e+00
9.561385154724121094e+00
9.633959293365478516e+00
9.747091770172119141e+00
9.831237792968750000e+00
9.952760696411132812e+00
1.008413100242614746e+01
1.021396732330322266e+01
1.033513450622558594e+01
1.043063783645629883e+01
1.050011301040649414e+01
1.059767103195190430e+01
1.069108009338378906e+01
1.079572963714599609e+01
1.089809083938598633e+01
1.112224698066711426e+01
1.121531820297241211e+01
1.132830762863159180e+01
1.145666599273681641e+01
1.157298231124877930e+01
1.167589902877807617e+01
1.179892992973327637e+01
1.190093708038330078e+01
1.201727008819580078e+01
1.215219736099243164e+01
1.224241328239440918e+01
1.236540269851684570e+01
1.249130702018737793e+01
1.259212589263916016e+01
1.267988204956054688e+01
1.277221465110778809e+01
