6.992317196860394688e+02
2.229650650463591717e+02
1.476245647773731093e+02
5.803501248084089781e+01
5.786930347081784021e+01
3.551992842550627927e+01
3.548106618367073395e+01
2.814201073235593498e+01
2.813183194868046400e+01
2.505244897450254626e+01
2.504976095701229966e+01
2.360357665680979267e+01
2.360313128092327517e+01
2.286042314163497480e+01
2.286661635830479256e+01
2.243946609387928603e+01
2.244654554370859856e+01
2.216898000418994741e+01
2.217883107599350723e+01
2.198163031689955460e+01
2.198999608648386683e+01
2.184152393957570837e+01
2.184867385891159586e+01
2.173069597164494837e+01
2.173711837798176916e+01
2.163681374214514719e+01
2.164163362695855142e+01
2.155230874745969061e+01
2.155554700906531096e+01
2.147040614416496851e+01
2.147450575442638154e+01
2.139523821684546334e+01
2.139930744658649786e+01
2.132347551942284269e+01
2.132504664471959899e+01
2.125447766220268164e+01
2.125600147834497022e+01
2.118963392285910174e+01
2.118956345948789632e+01
2.113067649337728682e+01
2.112893272334484962e+01
2.107058640180279951e+01
2.107224143901261115e+01
2.101537927204591938e+01
2.101702113930678806e+01
2.096310472918446877e+01
2.096473405228869069e+01
2.091318017357883008e+01
2.091438878975055005e+01
2.086509520855695143e+01
2.086628375564145088e+01
2.081925652974657481e+01
2.082251772442239002e+01
2.077686096986420594e+01
2.078010439421004918e+01
2.073649503201153976e+01
2.073888225737060154e+01
2.069729685127062879e+01
2.069966835182275133e+01
2.065924604533473996e+01
2.066244014240607996e+01
2.062673652355699261e+01
2.062748387584316490e+01
2.059581051814475927e+01
2.059614501949038967e+01
2.056543344504639492e+01
2.056616183299784240e+01
2.053599524828721457e+01
2.053671467653943239e+01
2.050748093348200030e+01
2.050906526333115210e+01
2.047948239107808988e+01
2.048018492033493132e+01
2.045111986406027427e+01
2.045482354482993514e+01
2.042665483912521651e+01
2.043034768260123002e+01
2.040393395854674452e+01
2.040674473557478308e+01
2.037955847899022288e+01
2.038235927067270126e+01
2.035617994055915858e+01
2.035970798035242524e+01
2.033490582822841120e+01
2.033842453567542918e+01
2.031527994362744494e+01
2.031721609632901249e+01
2.029487343133699184e+01
2.029680434483590545e+01
2.027404630616978665e+01
2.027681967484968339e+01
2.025485038156634943e+01
2.025725704406101357e+01
2.023739992055820736e+01
2.023852261808440645e+01
2.022227389153965760e+01
2.022339511082826391e+01
2.020831357559223207e+01
2.020831357559223207e+01
2.019278765245801566e+01
