5.046348678343812935e+03
1.195724066949032505e+02
1.425319876148740263e+02
5.712735242758551379e+01
5.696999881961831136e+01
3.527516443732969265e+01
3.523455940501429495e+01
2.778011304744227061e+01
2.776697083937732558e+01
2.499486173987237336e+01
2.499061919085303174e+01
2.374906773815851579e+01
2.374741608345866695e+01
2.314991213846225193e+01
2.315347768126982686e+01
2.282648721002685477e+01
2.283050047986109732e+01
2.263145111472120874e+01
2.263750991723257755e+01
2.250377190200998356e+01
2.250895074889398373e+01
2.241029715160532021e+01
2.241500589771570873e+01
2.233617201807855679e+01
2.234033709943954804e+01
2.227564433934761468e+01
2.227869019382698212e+01
2.222168685727349668e+01
2.222362645401305059e+01
2.216928460255810052e+01
2.217189952722890212e+01
2.212202886534783985e+01
2.212458850696073398e+01
2.207722467997071902e+01
2.207793815871755072e+01
2.203380667823537209e+01
2.203450888768900739e+01
2.199301035981247310e+01
2.199264948522952778e+01
2.195714427112573475e+01
2.195560499401335619e+01
2.192123843353211754e+01
2.192213377714324452e+01
2.188861712887979749e+01
2.188950520165828806e+01
2.185857230858913525e+01
2.185938642251313979e+01
2.183083568130262364e+01
2.183116402503630837e+01
2.180383890678098879e+01
2.180415893335381483e+01
2.177605168114456191e+01
2.177810287336708228e+01
2.174967651235039412e+01
2.175171693157476227e+01
2.172503402855793553e+01
2.172623266059172664e+01
2.170139625433527186e+01
2.170258524385204169e+01
2.167835574126536358e+01
2.168031673402784065e+01
2.165847754514459211e+01
2.165863323127685192e+01
2.163815488240184948e+01
2.163807150336209872e+01
2.161816333836707216e+01
2.161830604186986804e+01
2.159872643414045967e+01
2.159886300365567990e+01
2.158039867155826741e+01
2.158125379915996689e+01
2.156274288701722952e+01
2.156283742080097454e+01
2.154462103890304547e+01
2.154718431141299462e+01
2.152946479160049975e+01
2.153202094792223420e+01
2.151554364305787104e+01
2.151733890308964092e+01
2.150017351724188330e+01
2.150196214262184924e+01
2.148506834593192849e+01
2.148760423014127952e+01
2.147118203151894988e+01
2.147371161012996410e+01
2.145961485990140361e+01
2.146087015376795648e+01
2.144760328319761200e+01
2.144886161105214484e+01
2.143516844923926001e+01
2.143720371322841700e+01
2.142386880447917363e+01
2.142574350338257005e+01
2.141376355451090774e+01
2.141466365939871608e+01
2.140482469371276864e+01
2.140572387446926328e+01
2.139681565399505914e+01
2.139681565399505914e+01
2.138733317887444230e+01
