4.697660917259258895e+02
3.121170219388250757e+02
1.459322762720879041e+02
5.894254641423813723e+01
5.879015246960805285e+01
3.721852678277298310e+01
3.717879600897161652e+01
2.995186024114782697e+01
2.994194679014507443e+01
2.737114108811081792e+01
2.736904509667778385e+01
2.624857165412002047e+01
2.624902540373408399e+01
2.565363487660654584e+01
2.565907725763854330e+01
2.530382831428587309e+01
2.531019619778299301e+01
2.508084969171797951e+01
2.508882249345295179e+01
2.492634369680136430e+01
2.493349332538348051e+01
2.480791570115643196e+01
2.481432692194958989e+01
2.470981869764581162e+01
2.471554785508604724e+01
2.462567486376640602e+01
2.463005986672420988e+01
2.454934317511212072e+01
2.455240265036431424e+01
2.447542526921237993e+01
2.447913476836463431e+01
2.440716652865598491e+01
2.441084942779712463e+01
2.434186475939542404e+01
2.434357911192865842e+01
2.427879568637159480e+01
2.428049340659648436e+01
2.421958001108770375e+01
2.421970273206771651e+01
2.416494939692842436e+01
2.416375880797290066e+01
2.410894364556923364e+01
2.411056232658619436e+01
2.405717029610736191e+01
2.405877714434791770e+01
2.400806882472654991e+01
2.400966440634174504e+01
2.396107148504996687e+01
2.396242965897459243e+01
2.391539732590580414e+01
2.391674249257102502e+01
2.386971172152655640e+01
2.387304427853593580e+01
2.382618506790741009e+01
2.382950039467658954e+01
2.378482456619041940e+01
2.378721818098163254e+01
2.374797384733733452e+01
2.375026712781376403e+01
2.371220991214580920e+01
2.371520555294382859e+01
2.368011276020929756e+01
2.368121334099537023e+01
2.364979018555927581e+01
2.365034970520608937e+01
2.362005593127538816e+01
2.362102726289574406e+01
2.359127892298859308e+01
2.359224261440702719e+01
2.356379874387976869e+01
2.356538295145362483e+01
2.353757867443399832e+01
2.353848072992871465e+01
2.351117858410872330e+01
2.351448817917363243e+01
2.348806868685716509e+01
2.349136870830384538e+01
2.346649370912050614e+01
2.346911153040620945e+01
2.344364976631490549e+01
2.344625887423804755e+01
2.342126913316005243e+01
2.342454191420998555e+01
2.340040235872622532e+01
2.340366667126764355e+01
2.338103872504862935e+01
2.338285813796699131e+01
2.336106392882052774e+01
2.336287860987677334e+01
2.334085880409216429e+01
2.334333926906253609e+01
2.332213861432232704e+01
2.332423569835131616e+01
2.330451676095203339e+01
2.330556362011522253e+01
2.328840597542688684e+01
2.328947642923444050e+01
2.327373515838296214e+01
2.327373515838296214e+01
2.325894402020595919e+01
