2.634525299072265625e-04
5.511116981506347656e-02
1.278953552246093750e-01
2.534508705139160156e-01
3.968122005462646484e-01
5.718035697937011719e-01
6.682949066162109375e-01
8.140463829040527344e-01
9.684205055236816406e-01
1.085149049758911133e+00
1.198418855667114258e+00
1.313458681106567383e+00
1.458287477493286133e+00
1.563540458679199219e+00
1.680430173873901367e+00
1.789824724197387695e+00
1.916570901870727539e+00
2.040823698043823242e+00
2.145261764526367188e+00
2.263361692428588867e+00
2.409417629241943359e+00
2.537569999694824219e+00
2.633731842041015625e+00
2.801114082336425781e+00
2.918253421783447266e+00
3.031345129013061523e+00
3.163349866867065430e+00
3.264049530029296875e+00
3.372182369232177734e+00
3.498988151550292969e+00
3.630380392074584961e+00
3.723738431930541992e+00
3.828345775604248047e+00
3.941845417022705078e+00
4.008377552032470703e+00
4.152730464935302734e+00
4.287410497665405273e+00
4.452416896820068359e+00
4.574488162994384766e+00
4.695668220520019531e+00
4.820981264114379883e+00
4.950143575668334961e+00
5.054006338119506836e+00
5.173648357391357422e+00
5.301385879516601562e+00
5.424397468566894531e+00
5.522989034652709961e+00
5.643152713775634766e+00
5.792687416076660156e+00
5.904141902923583984e+00
6.021282672882080078e+00
6.106439590454101562e+00
6.228020191192626953e+00
6.375991344451904297e+00
6.511802434921264648e+00
6.632972002029418945e+00
6.740277051925659180e+00
6.864514112472534180e+00
6.992558002471923828e+00
7.095936536788940430e+00
7.211988687515258789e+00
7.368258476257324219e+00
7.497057676315307617e+00
7.622129440307617188e+00
7.714457035064697266e+00
7.829531192779541016e+00
7.940483331680297852e+00
8.007632017135620117e+00
8.138263702392578125e+00
8.192710161209106445e+00
8.291966915130615234e+00
8.372691392898559570e+00
8.520239830017089844e+00
8.651300430297851562e+00
8.810337543487548828e+00
8.952322244644165039e+00
9.055086612701416016e+00
9.174032926559448242e+00
9.302173614501953125e+00
9.424344539642333984e+00
9.534925699234008789e+00
9.662882089614868164e+00
9.800656080245971680e+00
9.906972885131835938e+00
1.002108407020568848e+01
1.012068629264831543e+01
1.021724224090576172e+01
1.031180524826049805e+01
1.045462751388549805e+01
1.056023955345153809e+01
1.068422746658325195e+01
1.080365228652954102e+01
1.090532064437866211e+01
1.098661994934082031e+01
1.114061689376831055e+01
1.126122927665710449e+01
1.136182546615600586e+01
1.150283885002136230e+01
1.162245726585388184e+01
1.172456932067871094e+01
