4.682540893554687500e-04
1.077103614807128906e-02
1.827363967895507812e-01
3.051366806030273438e-01
4.582350254058837891e-01
6.149284839630126953e-01
7.240872383117675781e-01
8.576474189758300781e-01
1.021528959274291992e+00
1.127624750137329102e+00
1.241618633270263672e+00
1.360263109207153320e+00
1.482708692550659180e+00
1.612274169921875000e+00
1.722509622573852539e+00
1.833792448043823242e+00
1.969184875488281250e+00
2.068376779556274414e+00
2.200458526611328125e+00
2.319232940673828125e+00
2.444842576980590820e+00
2.593396425247192383e+00
2.686063766479492188e+00
2.846834182739257812e+00
2.960496902465820312e+00
3.075553655624389648e+00
3.211845159530639648e+00
3.307728052139282227e+00
3.428034543991088867e+00
3.557994365692138672e+00
3.678461074829101562e+00
3.764779806137084961e+00
3.878674030303955078e+00
3.994723081588745117e+00
4.068522214889526367e+00
4.196409702301025391e+00
4.346580028533935547e+00
4.450024604797363281e+00
4.607282876968383789e+00
4.726543426513671875e+00
4.860061407089233398e+00
5.007877349853515625e+00
5.108790159225463867e+00
5.212315797805786133e+00
5.355909347534179688e+00
5.462078571319580078e+00
5.583829402923583984e+00
5.690930366516113281e+00
5.830551624298095703e+00
5.960008144378662109e+00
6.074556350708007812e+00
6.157228946685791016e+00
6.286871433258056641e+00
6.430406093597412109e+00
6.570986747741699219e+00
6.678409576416015625e+00
6.804871320724487305e+00
6.924694061279296875e+00
7.045080661773681641e+00
7.165635824203491211e+00
7.271958112716674805e+00
7.413798332214355469e+00
7.561014175415039062e+00
7.666128158569335938e+00
7.771348714828491211e+00
7.869411468505859375e+00
7.996822118759155273e+00
8.067609071731567383e+00
8.213266849517822266e+00
8.301659345626831055e+00
8.388685703277587891e+00
8.464118957519531250e+00
8.620550155639648438e+00
8.773042917251586914e+00
8.908891677856445312e+00
9.052587509155273438e+00
9.144429206848144531e+00
9.264471530914306641e+00
9.407444953918457031e+00
9.526710271835327148e+00
9.618365049362182617e+00
9.747989416122436523e+00
9.898738622665405273e+00
9.993320941925048828e+00
1.011471843719482422e+01
1.020350289344787598e+01
1.031477665901184082e+01
1.042446088790893555e+01
1.055702185630798340e+01
1.066262459754943848e+01
1.076585745811462402e+01
1.089942622184753418e+01
1.099035573005676270e+01
1.107455468177795410e+01
1.123279213905334473e+01
1.136104464530944824e+01
1.146243786811828613e+01
1.159201765060424805e+01
1.171297359466552734e+01
1.181404852867126465e+01
