3.057841593957198347e+04
1.594395691103188142e+02
6.580148066407555518e+01
4.184918049580834776e+01
3.298987598743018168e+01
2.904105862706381203e+01
2.710144447569263448e+01
2.605068374204543602e+01
2.539908151961573068e+01
2.496633145034680012e+01
2.466589183979211697e+01
2.444182349816720645e+01
2.426364315636819668e+01
2.411109248042183495e+01
2.397860150747020569e+01
2.385919042086036512e+01
2.374988223748288263e+01
2.364614482829570363e+01
2.355380019591470031e+01
2.347075110581543811e+01
2.338443385352904613e+01
2.330916017395385254e+01
2.323346286103832270e+01
2.316758092009759196e+01
2.310138506793117941e+01
2.304313557257572498e+01
2.298136696595196682e+01
2.292762450940426788e+01
2.287486958900406364e+01
2.283049036985116231e+01
2.278732458645134074e+01
2.274739560576524156e+01
2.270766603550671192e+01
2.267489937148957324e+01
2.263849994913645247e+01
2.260226490083887185e+01
2.256403647736342322e+01
2.253338281782887975e+01
2.250285178922573692e+01
2.247926942168182762e+01
2.245228438304890872e+01
2.242539657025391620e+01
2.239860540052488957e+01
2.237806696779021820e+01
2.235400729487544425e+01
2.233002331647722727e+01
2.231263968223412064e+01
2.229571209291976785e+01
2.227535164944254120e+01
2.225504704663863009e+01
2.223621625221713671e+01
2.222339373389230488e+01
2.221060460145345061e+01
2.219438969497590719e+01
2.217821092361553426e+01
2.216206814769942923e+01
2.215152089115499123e+01
2.214099638469296849e+01
2.213049455594825687e+01
2.211656462096739162e+01
2.210321251670794140e+01
2.209035606223602244e+01
2.208280396643493404e+01
2.207526495049817328e+01
2.206773898113648968e+01
2.206022602517951015e+01
2.204933264949970351e+01
2.203845436330023233e+01
2.203098133500920852e+01
2.202538501734397514e+01
2.201979593030117144e+01
2.201421406016831028e+01
2.200863939326936958e+01
2.200307191596466794e+01
2.199751161465072613e+01
2.198857109326847947e+01
2.197963957327220541e+01
2.197421107444053945e+01
2.196578300178589416e+01
2.196566614604611445e+01
2.195724992120037200e+01
2.195384195151105899e+01
2.195043698323387460e+01
2.194703501254061706e+01
2.194363603560988452e+01
2.194024004862707145e+01
2.193684704778432959e+01
2.193345702928058927e+01
2.193006998932152030e+01
2.192339061093897712e+01
2.192000973238715744e+01
2.191333797465028610e+01
2.190996324109826787e+01
2.190659146656972922e+01
2.189993048087832150e+01
2.190153934473740804e+01
2.189488310585806019e+01
2.189320212093664253e+01
2.189152187194686050e+01
2.188984235842270110e+01
