3.742553237713117937e+02
1.709067961787178547e+02
7.084485860833356696e+01
4.393582089037208505e+01
3.428958721515162722e+01
3.002752831572649939e+01
2.804334426878514819e+01
2.698196664166582792e+01
2.632587125865630640e+01
2.588036987468869654e+01
2.555369111766535895e+01
2.529775901988946174e+01
2.507988022359987212e+01
2.488655389580746657e+01
2.471478836164617121e+01
2.455842226830814212e+01
2.441375081183250728e+01
2.427691502159617443e+01
2.415100743816793383e+01
2.403787973759746066e+01
2.392967575264308522e+01
2.383019848349241698e+01
2.372938540265915108e+01
2.363701869545966616e+01
2.354323521942501074e+01
2.345770408482787417e+01
2.337068394836584062e+01
2.329173969365912455e+01
2.321124205635546645e+01
2.314024757189890025e+01
2.307168662713250384e+01
2.300857639567405499e+01
2.294578149328448902e+01
2.289085110202358564e+01
2.283509621057665839e+01
2.277960350837934911e+01
2.272197069891945986e+01
2.267177053284207489e+01
2.262194076489328509e+01
2.258012490247913462e+01
2.253586790280981234e+01
2.249178169677183092e+01
2.244786525316126102e+01
2.241127576057232673e+01
2.237222223939045662e+01
2.233369196477756446e+01
2.230334151193556735e+01
2.227308312811855728e+01
2.224039213698919326e+01
2.220779777783960540e+01
2.217672259033106741e+01
2.215232728619596259e+01
2.212799509458348268e+01
2.210125955370917694e+01
2.207459104929136728e+01
2.204798931463331968e+01
2.202792119940459870e+01
2.200789607664389536e+01
2.198840756148861431e+01
2.196672880983233256e+01
2.194509533471043028e+01
2.192350698562814770e+01
2.190815359367102744e+01
2.189282670291950694e+01
2.187752624462824258e+01
2.186225215030176017e+01
2.184465280419694722e+01
2.182708254463086206e+01
2.181188936956661450e+01
2.180051161137294002e+01
2.178914849858229985e+01
2.177780000288872841e+01
2.176646609606294902e+01
2.175514674995206121e+01
2.174384193647931340e+01
2.173020937408202258e+01
2.171659355458020357e+01
2.170533381860189692e+01
2.169174994869784001e+01
2.168659961814139336e+01
2.167304108300370302e+01
2.166556869928631102e+01
2.165810268194239896e+01
2.165064302283715136e+01
2.164322489057332888e+01
2.163589124992479640e+01
2.162856396888542676e+01
2.162124303938722392e+01
2.161392845337659452e+01
2.160408609934019353e+01
2.159717557714834868e+01
2.158781607151573567e+01
2.158096246004211949e+01
2.157411477251779530e+01
2.156477558282587381e+01
2.156385433229333515e+01
2.155452469466537480e+01
2.155111068178072031e+01
2.154769814226552782e+01
2.154428707519202391e+01
