3.126814853751497503e+04
1.687632796258193650e+02
7.078618717436509655e+01
4.520643426461874981e+01
3.550455127893599183e+01
3.106652281460349840e+01
2.885241673269355189e+01
2.765477458197405980e+01
2.696541350546904425e+01
2.651748148250967319e+01
2.619943164982576533e+01
2.595132721422474020e+01
2.574809991150717892e+01
2.557059713911769805e+01
2.541409418177626733e+01
2.526997809118414295e+01
2.513692932088014587e+01
2.501239008870211933e+01
2.489980687173812868e+01
2.479778176812010315e+01
2.469708978697448742e+01
2.460881414011837620e+01
2.451903193672827896e+01
2.443841234658648176e+01
2.435497533085998967e+01
2.428136727396785943e+01
2.420433004074678962e+01
2.413617734076724375e+01
2.406455052987721643e+01
2.400167803961279489e+01
2.393918735549560139e+01
2.388411654816492558e+01
2.383030811041127350e+01
2.378579834549639571e+01
2.373912968954059721e+01
2.369265735043909871e+01
2.364226975718634094e+01
2.360084384163334192e+01
2.355992227966113362e+01
2.352698970911179543e+01
2.349000252748163931e+01
2.345314335656105698e+01
2.341641147358668462e+01
2.338756763784284942e+01
2.335465725410917415e+01
2.332184676293454118e+01
2.329685267919784053e+01
2.327216253850729544e+01
2.324372882047654798e+01
2.321537046849109487e+01
2.318708715456131841e+01
2.316649557827271266e+01
2.314629584348647029e+01
2.312192622554596255e+01
2.309761191398570546e+01
2.307345505621288950e+01
2.305679213631710667e+01
2.304016402745474323e+01
2.302357062639838503e+01
2.300297125530656217e+01
2.298305162109081579e+01
2.296317820205862148e+01
2.295045215566689834e+01
2.293774761581239829e+01
2.292506453148904200e+01
2.291240285187179637e+01
2.289583444389781874e+01
2.287938393182198382e+01
2.286709575438561970e+01
2.285789341047244250e+01
2.284870286250965066e+01
2.283952408955775226e+01
2.283035707073285892e+01
2.282120178520637666e+01
2.281234290087198247e+01
2.279950893576251758e+01
2.278668914437433912e+01
2.277791348454201525e+01
2.276512020309834128e+01
2.276331370037361523e+01
2.275054097382270868e+01
2.274471845793312852e+01
2.273890117641322206e+01
2.273308912330670850e+01
2.272728229266790834e+01
2.272148067856174691e+01
2.271568427506373666e+01
2.270989307625993803e+01
2.270410707624692037e+01
2.269430194042175231e+01
2.268852665415000658e+01
2.267901387089930410e+01
2.267361315646693143e+01
2.266821734508538455e+01
2.265886102338471986e+01
2.266013280909461969e+01
2.265078425830511932e+01
2.264809444566146368e+01
2.264540585305925902e+01
2.264271847980942809e+01
