4.572422895608531235e+02
1.538848050374848242e+02
6.231700097697284235e+01
3.890499078423067658e+01
3.086093107480201070e+01
2.736640525419019099e+01
2.567701976398936381e+01
2.482784580858144352e+01
2.432687903078577918e+01
2.400438776327786883e+01
2.377385481962703295e+01
2.359284968015748873e+01
2.344664541805087410e+01
2.332022412196979388e+01
2.320930725827828667e+01
2.310897446430873359e+01
2.301561956308573542e+01
2.292723888212315586e+01
2.284574322294125182e+01
2.277188290403791981e+01
2.269657053297686744e+01
2.262822378455696537e+01
2.256235059581828750e+01
2.250321086097359213e+01
2.244308391500289446e+01
2.238932702356762405e+01
2.233336912777604866e+01
2.228456371017826854e+01
2.223503851929968889e+01
2.219142218171540293e+01
2.215077499154138252e+01
2.211419509417228113e+01
2.207779713938035826e+01
2.204776771751357600e+01
2.201610389066682671e+01
2.198459499190474986e+01
2.195036677382810808e+01
2.192173295831755198e+01
2.189322339986017596e+01
2.187047420738077719e+01
2.184721249447295577e+01
2.182404290483322384e+01
2.180096492398739372e+01
2.178363546611183565e+01
2.176330364499507297e+01
2.174323128015718964e+01
2.172993521184322319e+01
2.171762696857301478e+01
2.170192221959408840e+01
2.168626605829385312e+01
2.167065828541641537e+01
2.166085026688370974e+01
2.165206315812455529e+01
2.163987678754547161e+01
2.162772081236114730e+01
2.161559513148805678e+01
2.160857981435401598e+01
2.160182213328498335e+01
2.159540287303833850e+01
2.158585942014350678e+01
2.157633595699492446e+01
2.156683242639481080e+01
2.156218857434350511e+01
2.155760715243792092e+01
2.155303836629526870e+01
2.154848219331135795e+01
2.154051676541042681e+01
2.153256433313750051e+01
2.152804508173720066e+01
2.152466385919170477e+01
2.152128966853470615e+01
2.151792250043395427e+01
2.151456234558382974e+01
2.151120919470524484e+01
2.150786303854554760e+01
2.150110155441157644e+01
2.149434764244052687e+01
2.149102179982883598e+01
2.148429384503237571e+01
2.148590431590481487e+01
2.147921921601432871e+01
2.147719486523824628e+01
2.147517365381692755e+01
2.147315557910587458e+01
2.147114063846569465e+01
2.146912882926208965e+01
2.146712014886585607e+01
2.146511459465285654e+01
2.146311216400403765e+01
2.145746844510080820e+01
2.145547196039853688e+01
2.144983490453502384e+01
2.144784435270160117e+01
2.144585690989129390e+01
2.144022931253534026e+01
2.144288156943320089e+01
2.143725818202965527e+01
2.143626935523640142e+01
2.143528130292801492e+01
2.143429402478330914e+01
