2.112388610839843750e-04
9.922039508819580078e-01
1.164770841598510742e+00
1.307317972183227539e+00
1.448933362960815430e+00
1.592628717422485352e+00
1.742748022079467773e+00
1.907155990600585938e+00
2.121999740600585938e+00
2.261684417724609375e+00
2.425887346267700195e+00
2.634122371673583984e+00
2.800866603851318359e+00
3.010753154754638672e+00
3.184524774551391602e+00
3.346807718276977539e+00
3.478638410568237305e+00
3.598636627197265625e+00
3.816000223159790039e+00
4.036673784255981445e+00
4.165765523910522461e+00
4.303533077239990234e+00
4.445035219192504883e+00
4.588400602340698242e+00
4.740105390548706055e+00
4.917233943939208984e+00
5.086556673049926758e+00
5.200962305068969727e+00
5.339952468872070312e+00
5.531951665878295898e+00
5.718194007873535156e+00
5.872465133666992188e+00
6.148978233337402344e+00
6.364294290542602539e+00
6.508933544158935547e+00
6.732866287231445312e+00
6.899908304214477539e+00
7.053576469421386719e+00
7.274146556854248047e+00
7.486675500869750977e+00
7.630723237991333008e+00
7.787103891372680664e+00
7.935584306716918945e+00
8.111398220062255859e+00
8.238929033279418945e+00
8.373700618743896484e+00
8.491236686706542969e+00
8.639096736907958984e+00
8.834443807601928711e+00
9.047511339187622070e+00
9.226389646530151367e+00
9.473965644836425781e+00
9.712474822998046875e+00
9.860980987548828125e+00
1.003345227241516113e+01
1.020515298843383789e+01
1.035719585418701172e+01
1.051602029800415039e+01
1.078036069869995117e+01
1.100650048255920410e+01
1.112760901451110840e+01
1.127714729309082031e+01
1.140743112564086914e+01
1.156485128402709961e+01
1.167850112915039062e+01
1.181993627548217773e+01
1.202606725692749023e+01
1.236748933792114258e+01
1.253684258460998535e+01
1.270227098464965820e+01
1.290285491943359375e+01
1.323011875152587891e+01
1.340103697776794434e+01
1.354446983337402344e+01
1.368680953979492188e+01
1.382638454437255859e+01
1.400991749763488770e+01
1.425723886489868164e+01
1.438809442520141602e+01
1.453100824356079102e+01
1.465191745758056641e+01
1.480645418167114258e+01
1.508388185501098633e+01
1.525270628929138184e+01
1.554619646072387695e+01
1.571871423721313477e+01
1.591954708099365234e+01
1.615152978897094727e+01
1.633654332160949707e+01
1.651484060287475586e+01
1.665991854667663574e+01
1.680794024467468262e+01
1.705275034904479980e+01
1.721407842636108398e+01
1.735669112205505371e+01
1.759725236892700195e+01
1.780978441238403320e+01
1.793946933746337891e+01
1.807459735870361328e+01
1.819219112396240234e+01
