3.581047058105468750e-04
1.083499431610107422e+00
1.255746126174926758e+00
1.396100044250488281e+00
1.544027805328369141e+00
1.693607807159423828e+00
1.831936836242675781e+00
1.999181270599365234e+00
2.200262784957885742e+00
2.355166912078857422e+00
2.549193382263183594e+00
2.713620424270629883e+00
2.889743804931640625e+00
3.097326040267944336e+00
3.261900424957275391e+00
3.429712295532226562e+00
3.562278509140014648e+00
3.685413122177124023e+00
3.901929616928100586e+00
4.124944448471069336e+00
4.245959043502807617e+00
4.380728244781494141e+00
4.534810304641723633e+00
4.682154417037963867e+00
4.823556184768676758e+00
5.007413387298583984e+00
5.182182073593139648e+00
5.294376850128173828e+00
5.439440488815307617e+00
5.597785711288452148e+00
5.805088758468627930e+00
5.958921194076538086e+00
6.266680002212524414e+00
6.446293115615844727e+00
6.600768327713012695e+00
6.825030803680419922e+00
6.969585180282592773e+00
7.138726949691772461e+00
7.282721042633056641e+00
7.564321279525756836e+00
7.721134901046752930e+00
7.856307983398437500e+00
8.015105247497558594e+00
8.201139450073242188e+00
8.330705881118774414e+00
8.458865165710449219e+00
8.573980569839477539e+00
8.727125644683837891e+00
8.912868738174438477e+00
9.137820243835449219e+00
9.304472208023071289e+00
9.486664533615112305e+00
9.803058147430419922e+00
9.944815874099731445e+00
1.011690235137939453e+01
1.027207469940185547e+01
1.044605755805969238e+01
1.059774947166442871e+01
1.077941250801086426e+01
1.110822725296020508e+01
1.124848771095275879e+01
1.136952042579650879e+01
1.150149893760681152e+01
1.164840006828308105e+01
1.176113796234130859e+01
1.190847849845886230e+01
1.211767721176147461e+01
1.245686244964599609e+01
1.264208245277404785e+01
1.282443523406982422e+01
1.299848651885986328e+01
1.332949161529541016e+01
1.349290323257446289e+01
1.363658475875854492e+01
1.377984142303466797e+01
1.392261457443237305e+01
1.410022425651550293e+01
1.422281718254089355e+01
1.447664403915405273e+01
1.461113190650939941e+01
1.473678827285766602e+01
1.489970135688781738e+01
1.517962503433227539e+01
1.533594727516174316e+01
1.562320852279663086e+01
1.582148146629333496e+01
1.600101017951965332e+01
1.623902583122253418e+01
1.644416809082031250e+01
1.660977458953857422e+01
1.675396108627319336e+01
1.687612175941467285e+01
1.713706851005554199e+01
1.730569458007812500e+01
1.745122098922729492e+01
1.760043954849243164e+01
1.789060139656066895e+01
1.800983285903930664e+01
1.814921998977661133e+01
1.828695440292358398e+01
