2.677939255921390213e+03
1.105772490396617229e+02
5.025882036003649489e+01
3.480573630023622655e+01
2.991963305038358456e+01
2.792462289522968533e+01
2.693459764038994919e+01
2.640045861262965587e+01
2.607326772512216451e+01
2.583094301389517256e+01
2.565010662696246158e+01
2.549453281102849189e+01
2.536159098792064981e+01
2.524879168852620381e+01
2.514331627990740259e+01
2.504434757005851608e+01
2.495403131722731871e+01
2.487385613007615603e+01
2.479828963950750165e+01
2.472630811799927031e+01
2.465555990770339889e+01
2.459055352166348740e+01
2.452632725777202793e+01
2.446384665218927523e+01
2.440433517365553229e+01
2.434913150193439435e+01
2.429577470122137228e+01
2.424580828343328420e+01
2.419970150674033604e+01
2.415553364828813443e+01
2.411399030769420904e+01
2.407500973821149870e+01
2.403727090627101859e+01
2.399921661115433835e+01
2.396340815153789805e+01
2.392852599569350502e+01
2.389610077692816503e+01
2.386406752049952829e+01
2.383241930858336843e+01
2.380215974946415969e+01
2.377301158497342826e+01
2.374522026513745132e+01
2.371802916212202206e+01
2.369191109697129960e+01
2.366611693568385988e+01
2.364189155749214066e+01
2.361823114942801993e+01
2.359560222905649596e+01
2.357352314979312879e+01
2.355245762760344874e+01
2.353244003797274786e+01
2.351295197172479590e+01
2.349289831974854081e+01
2.347420222339415119e+01
2.345800673663928748e+01
2.344249423917143815e+01
2.342681850892277851e+01
2.341140911087679655e+01
2.339667347949900744e+01
2.338303405589623551e+01
2.336922265322020564e+01
2.335544435869618241e+01
2.334275058968778893e+01
2.333050787385387892e+01
2.331891720626039444e+01
2.330756774806902598e+01
2.329603730470242695e+01
2.328515229169301293e+01
2.327417001955869935e+01
2.326455426352411138e+01
2.325512768386519724e+01
2.324520184268027734e+01
2.323604817445913184e+01
2.322752186236043315e+01
2.321906454282028420e+01
2.321102138114276414e+01
2.320350073444932448e+01
2.319617269410427696e+01
2.318942338456240293e+01
2.318192406408338258e+01
2.317613434614628076e+01
2.317015910227927478e+01
2.316419164113942486e+01
2.315803886295039149e+01
2.315208698595191095e+01
2.314594989315964924e+01
2.313962777933103609e+01
2.313406855039737309e+01
2.312981546169549674e+01
2.312556647406660559e+01
2.311963910083684937e+01
2.311595988807301794e+01
2.311228400061881416e+01
2.310861143503169401e+01
2.310455706055435599e+01
2.310050613637411843e+01
2.309665112601313552e+01
2.309241462292918357e+01
2.308837402569280073e+01
2.308414454170013386e+01
