4.029273986816406250e-04
9.521074295043945312e-01
1.031774997711181641e+00
1.123537778854370117e+00
1.215024709701538086e+00
1.303212642669677734e+00
1.411725759506225586e+00
1.497663021087646484e+00
1.585762023925781250e+00
1.668250322341918945e+00
1.751131534576416016e+00
1.896658182144165039e+00
2.024063348770141602e+00
2.153286933898925781e+00
2.240401029586791992e+00
2.325862646102905273e+00
2.426923274993896484e+00
2.566476821899414062e+00
2.680361747741699219e+00
2.824207067489624023e+00
2.959258079528808594e+00
3.076366901397705078e+00
3.169266939163208008e+00
3.239096879959106445e+00
3.336925983428955078e+00
3.411881685256958008e+00
3.519382953643798828e+00
3.613491296768188477e+00
3.745593309402465820e+00
3.916465282440185547e+00
4.116141796112060547e+00
4.192069768905639648e+00
4.307101488113403320e+00
4.414349555969238281e+00
4.500783443450927734e+00
4.568151712417602539e+00
4.641239166259765625e+00
4.755719184875488281e+00
4.846070289611816406e+00
4.904903411865234375e+00
5.016717433929443359e+00
5.122909069061279297e+00
5.278159141540527344e+00
5.372659683227539062e+00
5.467511177062988281e+00
5.580791711807250977e+00
5.721005678176879883e+00
5.798217058181762695e+00
5.926049947738647461e+00
6.017632484436035156e+00
6.136843919754028320e+00
6.224314928054809570e+00
6.375066757202148438e+00
6.456738948822021484e+00
6.581270217895507812e+00
6.727984666824340820e+00
6.850354909896850586e+00
6.950012683868408203e+00
7.029082536697387695e+00
7.153025388717651367e+00
7.266267538070678711e+00
7.356171846389770508e+00
7.458256721496582031e+00
7.541272401809692383e+00
7.650180578231811523e+00
7.733733654022216797e+00
7.844330787658691406e+00
7.965226888656616211e+00
8.115029335021972656e+00
8.234348773956298828e+00
8.355822086334228516e+00
8.460211277008056641e+00
8.541316986083984375e+00
8.650932788848876953e+00
8.729292869567871094e+00
8.848223924636840820e+00
8.930941104888916016e+00
8.994354486465454102e+00
9.104711771011352539e+00
9.180825471878051758e+00
9.283316850662231445e+00
9.365070343017578125e+00
9.446373462677001953e+00
9.528198719024658203e+00
9.609439373016357422e+00
9.725680589675903320e+00
9.802317857742309570e+00
9.921822786331176758e+00
1.005944561958312988e+01
1.016731071472167969e+01
1.029865956306457520e+01
1.038303923606872559e+01
1.051995897293090820e+01
1.060981154441833496e+01
1.070965528488159180e+01
1.083235454559326172e+01
1.095140862464904785e+01
1.104089522361755371e+01
1.112944984436035156e+01
1.122916698455810547e+01
