2.236366271972656250e-04
2.899885177612304688e-02
9.986972808837890625e-02
1.774652004241943359e-01
2.922289371490478516e-01
3.747069835662841797e-01
4.753074645996093750e-01
5.701317787170410156e-01
6.581332683563232422e-01
7.418329715728759766e-01
8.285233974456787109e-01
9.615619182586669922e-01
1.087303876876831055e+00
1.223448276519775391e+00
1.323083400726318359e+00
1.404722929000854492e+00
1.507157802581787109e+00
1.620022535324096680e+00
1.758929014205932617e+00
1.890039443969726562e+00
2.029544353485107422e+00
2.144973993301391602e+00
2.231998205184936523e+00
2.310336351394653320e+00
2.409726619720458984e+00
2.481934547424316406e+00
2.576383590698242188e+00
2.681813478469848633e+00
2.819782972335815430e+00
2.971165657043457031e+00
3.194444656372070312e+00
3.260422706604003906e+00
3.377343177795410156e+00
3.484353780746459961e+00
3.570496797561645508e+00
3.641004323959350586e+00
3.741044759750366211e+00
3.823063611984252930e+00
3.913595199584960938e+00
3.972369194030761719e+00
4.077485799789428711e+00
4.219146490097045898e+00
4.358186244964599609e+00
4.450520277023315430e+00
4.527624130249023438e+00
4.640321254730224609e+00
4.795718908309936523e+00
4.842427968978881836e+00
4.989175081253051758e+00
5.081927776336669922e+00
5.201771974563598633e+00
5.276696443557739258e+00
5.442976236343383789e+00
5.546929121017456055e+00
5.642720699310302734e+00
5.798927307128906250e+00
5.922619581222534180e+00
6.022593975067138672e+00
6.108863830566406250e+00
6.219219207763671875e+00
6.322318077087402344e+00
6.426443099975585938e+00
6.526801109313964844e+00
6.613979816436767578e+00
6.723475933074951172e+00
6.775513648986816406e+00
6.957683324813842773e+00
7.039267063140869141e+00
7.172639846801757812e+00
7.303854227066040039e+00
7.433922529220581055e+00
7.528315305709838867e+00
7.624941587448120117e+00
7.718131065368652344e+00
7.796020507812500000e+00
7.920792102813720703e+00
7.998339176177978516e+00
8.082196950912475586e+00
8.176363706588745117e+00
8.249584674835205078e+00
8.361203670501708984e+00
8.438021183013916016e+00
8.516080379486083984e+00
8.597246885299682617e+00
8.676980257034301758e+00
8.802336692810058594e+00
8.861877679824829102e+00
8.984345197677612305e+00
9.106750726699829102e+00
9.228263378143310547e+00
9.339231014251708984e+00
9.455421924591064453e+00
9.584394454956054688e+00
9.678248643875122070e+00
9.780408143997192383e+00
9.925891637802124023e+00
1.001798033714294434e+01
1.014266777038574219e+01
1.022233724594116211e+01
1.031927990913391113e+01
