5.835865318511803252e+02
8.434729336343681894e+01
1.109975339226293300e+02
4.625361490264180020e+01
4.692532699083740511e+01
2.987241080645510394e+01
3.011627799387893134e+01
2.500396575112785769e+01
2.513302347329334197e+01
2.337682022708035134e+01
2.345752411075583410e+01
2.269678666677089041e+01
2.274388462369782360e+01
2.238236536795379550e+01
2.242678337820717971e+01
2.222184246767401561e+01
2.226253682041090087e+01
2.212627414299623041e+01
2.216618957892519504e+01
2.206231732915050259e+01
2.210027017042621011e+01
2.201643076159816204e+01
2.205092316040353495e+01
2.197876155846082824e+01
2.201148385389117124e+01
2.194604590003509514e+01
2.198019444048323123e+01
2.191662526554381785e+01
2.194906465984655952e+01
2.189045893277058141e+01
2.192122109373321948e+01
2.186751749346840512e+01
2.189662493421399958e+01
2.184646828441493227e+01
2.187365350328558122e+01
2.182922112576185469e+01
2.185194329075304864e+01
2.181051468014155148e+01
2.183467651112643182e+01
2.179484504715878757e+01
2.181594969586249277e+01
2.178008225361043060e+01
2.179729868582126429e+01
2.176362071152938071e+01
2.178244154248853803e+01
2.175014943718111837e+01
2.176596906818822674e+01
2.173672807132416551e+01
2.175248808724380467e+01
2.172160190973914595e+01
2.173905707317450009e+01
2.170943560836991182e+01
2.172567572774905287e+01
2.169741707341323789e+01
2.171059067993876468e+01
2.168645916647169258e+01
2.169846010830869432e+01
2.167553829405597909e+01
2.168749114481319040e+01
2.166567831031165170e+01
2.167656630053546607e+01
2.165584752828934256e+01
2.166670279614869443e+01
2.164661539678814606e+01
2.165686851074813291e+01
2.163748666964152179e+01
2.164752293612296796e+01
2.162928788643454325e+01
2.163839059820113420e+01
2.162120130944169105e+01
2.163018866645667870e+01
2.161357038021231958e+01
2.162204317477745619e+01
2.160596148107083536e+01
2.161440918082252693e+01
2.160095609884403700e+01
2.160679722952611570e+01
2.159421745868866438e+01
2.160178924604727513e+01
2.158749498857865845e+01
2.159504800775975752e+01
2.158078863115620294e+01
2.158832294872044244e+01
2.157409832934023441e+01
2.158161401152689862e+01
2.156999067909507062e+01
2.157492113905374964e+01
2.156414728568192629e+01
2.157081135680103046e+01
2.155831512182568233e+01
2.156496583352125640e+01
2.155249415426821713e+01
2.155913154614705007e+01
2.154668434988516168e+01
2.155330846139463574e+01
2.154343977163431489e+01
2.154749654611412524e+01
2.154020191323822075e+01
2.154425028564810773e+01
2.153522677346602876e+01
