4.523136494321733153e+03
1.312011557544154812e+02
1.155916652868444885e+02
4.884972585334252670e+01
4.966595599307708397e+01
3.139705451665447455e+01
3.175596910743270485e+01
2.562140150644344416e+01
2.580630249738252502e+01
2.353614218181857609e+01
2.367187204022247471e+01
2.264203378530432076e+01
2.273914064066635632e+01
2.220473126885279669e+01
2.228945550703461009e+01
2.196232855203565748e+01
2.204311726882724187e+01
2.181349875023553153e+01
2.188689523204862653e+01
2.170863411243384178e+01
2.177827445733266387e+01
2.163106303508890349e+01
2.169510784214399024e+01
2.156611353503782880e+01
2.162676013771239170e+01
2.150858453114993551e+01
2.157092550713517909e+01
2.145633811239769884e+01
2.151539907772010451e+01
2.140929979272630490e+01
2.146514218889911874e+01
2.136740285439390874e+01
2.142008296135295353e+01
2.132568571630760701e+01
2.137814090884477025e+01
2.128903037472760928e+01
2.133637899415294825e+01
2.125051947583348522e+01
2.129968403557022327e+01
2.121701077878837793e+01
2.126113212014195142e+01
2.118407294230009796e+01
2.122273216259922890e+01
2.114963842005008132e+01
2.118953766473347144e+01
2.112166387394868750e+01
2.115508156683195295e+01
2.109520338121852845e+01
2.112675534465306981e+01
2.106815724441369042e+01
2.109969259004562048e+01
2.104575144191959524e+01
2.107495373338435485e+01
2.102341541307232120e+01
2.104797964243432773e+01
2.100114880575483767e+01
2.102563620216010776e+01
2.097895127035662455e+01
2.100336222112530038e+01
2.095902123973838727e+01
2.098115734944951782e+01
2.093914584221887409e+01
2.096122080105018171e+01
2.091932483414309729e+01
2.094133891516921153e+01
2.089955797338812715e+01
2.092151144796510920e+01
2.088201880187711623e+01
2.090173815712999073e+01
2.086452131722415260e+01
2.088419335215090555e+01
2.084706535747535483e+01
2.086669025623547924e+01
2.082965076156348516e+01
2.084922870730718358e+01
2.081671998433120763e+01
2.083180854417695471e+01
2.080152751081468665e+01
2.081887322086031844e+01
2.078692370817002200e+01
2.080367597350891273e+01
2.077274933545026059e+01
2.078892007464347103e+01
2.075875822676876226e+01
2.077474124226696972e+01
2.074882708265803188e+01
2.076074656275237729e+01
2.073687474673799969e+01
2.075081190797333264e+01
2.072494260369413865e+01
2.073885585327838399e+01
2.071303059731472729e+01
2.072692000204974505e+01
2.070113867160832655e+01
2.071500429803369414e+01
2.069326554381284922e+01
2.070310868519699454e+01
2.068540348063395129e+01
2.069523278752348716e+01
2.067599777596484145e+01
