2.230391971506915979e+03
1.109446685119844318e+02
1.150089823542437415e+02
4.921422740048400613e+01
4.997735150057296494e+01
3.126846108291891468e+01
3.164130123019501895e+01
2.514844344395480391e+01
2.530614678892731106e+01
2.281129785323910752e+01
2.290379068287503372e+01
2.179468170685791506e+01
2.186808220817506054e+01
2.129512135828293040e+01
2.135477713990025705e+01
2.103699253206878339e+01
2.108460192011591516e+01
2.088660686217751561e+01
2.093395214131471249e+01
2.079041994826065221e+01
2.083685573773939126e+01
2.072582411272986036e+01
2.076693571311594866e+01
2.067912332379221141e+01
2.071356360422359089e+01
2.064063489463450551e+01
2.067714384448102294e+01
2.060690968251541477e+01
2.064176157260664723e+01
2.057789783128981043e+01
2.061113519028146968e+01
2.055355578907642666e+01
2.058521805631373880e+01
2.052948166159602295e+01
2.056084404517503472e+01
2.051055237821256583e+01
2.053673182119010932e+01
2.048975928890880382e+01
2.051777434042134729e+01
2.047405097223256831e+01
2.049642509347484065e+01
2.045842881681874559e+01
2.047630916875067442e+01
2.044018064899065479e+01
2.046067079157555924e+01
2.042619859399308524e+01
2.044236613896124766e+01
2.041228572150813747e+01
2.042837030153072675e+01
2.039534733537182376e+01
2.041444371465879470e+01
2.038263731766772935e+01
2.040058602527384579e+01
2.036998259261451949e+01
2.038370310690985576e+01
2.035738290585735655e+01
2.037104230567067731e+01
2.034483800488843031e+01
2.035843656967231752e+01
2.033384904945346250e+01
2.034588564620766249e+01
2.032336193605503638e+01
2.033481332263699315e+01
2.031292472589436215e+01
2.032427337061105987e+01
2.030252914831673650e+01
2.031383097725133169e+01
2.029307097794833936e+01
2.030343023702134531e+01
2.028364450676997421e+01
2.029396757990954825e+01
2.027524682677535139e+01
2.028453663775789906e+01
2.026702899759683874e+01
2.027598069613941334e+01
2.026266293746430591e+01
2.026775877983346419e+01
2.025522034635183388e+01
2.026338911145837329e+01
2.024779879618316158e+01
2.025594305781112325e+01
2.024039821969510200e+01
2.024851805570549601e+01
2.023301854994834414e+01
2.024111403782616492e+01
2.022994843015931110e+01
2.023373093718194937e+01
2.022360393750994945e+01
2.023055285274532267e+01
2.021727412215968656e+01
2.022420547791136869e+01
2.021095894487346101e+01
2.021787278770181473e+01
2.020465836657304948e+01
2.021155474285152920e+01
2.020229270712512104e+01
2.020525130425241755e+01
2.019993678246024160e+01
2.020288320876588983e+01
2.019425876791292040e+01
