7.482352301475085596e+02
1.830918246565776144e+02
1.190882627869433463e+02
4.962411123994820628e+01
5.034879082162410668e+01
3.152371144701680805e+01
3.182219112585760001e+01
2.568772203219585748e+01
2.583177790809484620e+01
2.364498629140797803e+01
2.373773999683976399e+01
2.266283514744219829e+01
2.273110910191966028e+01
2.215401690440559435e+01
2.221097728216253842e+01
2.187871919206934024e+01
2.192484893986859618e+01
2.172061443687904969e+01
2.176721841154355985e+01
2.162026574467953566e+01
2.166486471426958360e+01
2.155457319063677346e+01
2.159201155400377203e+01
2.150400569133142170e+01
2.153965324068754938e+01
2.146233514669446762e+01
2.150133046415720983e+01
2.142591564021005368e+01
2.146321131744801747e+01
2.139469643001159227e+01
2.143033213808779180e+01
2.136918594044066566e+01
2.140264597170762428e+01
2.134504604398820149e+01
2.137678319329627641e+01
2.132619928808256660e+01
2.135251786666906781e+01
2.130443033838014344e+01
2.133364563938357250e+01
2.128798665680174196e+01
2.131175788209955613e+01
2.127162570951113452e+01
2.129026343815716160e+01
2.125204233557101219e+01
2.127388765651152980e+01
2.123941354871406517e+01
2.125383955345445131e+01
2.122703869522845821e+01
2.124115559639836093e+01
2.121102389693422907e+01
2.122876950281543529e+01
2.119973019303538564e+01
2.121644023095694109e+01
2.118889570341100637e+01
2.120050200732407930e+01
2.117810739288855970e+01
2.118966243194696730e+01
2.116736510500150459e+01
2.117886905163462785e+01
2.115742025090561285e+01
2.116812170981423691e+01
2.114751163328982386e+01
2.115817238797813715e+01
2.113763914077014761e+01
2.114825931529810532e+01
2.112808031536762599e+01
2.113838238031597072e+01
2.111948162238000037e+01
2.112878891554835192e+01
2.111093705559305533e+01
2.112013902609284699e+01
2.110241973866079235e+01
2.111159062557597110e+01
2.109392959628895881e+01
2.110306948461515120e+01
2.109006584614643032e+01
2.109457552786702905e+01
2.108226435886667360e+01
2.109070839578364343e+01
2.107448282425789188e+01
2.108290367303570889e+01
2.106753710093708776e+01
2.107511891023159123e+01
2.106084346202449353e+01
2.106800554871796649e+01
2.105852314115902146e+01
2.106130904085515354e+01
2.105232160956528631e+01
2.105898619594167087e+01
2.104613241390753586e+01
2.105278230953565100e+01
2.103995552865454499e+01
2.104659076351001801e+01
2.103379092835969288e+01
2.104041153231803207e+01
2.103198129355840251e+01
2.103424459049761808e+01
2.103017967540148092e+01
2.103243295041960792e+01
2.102449332733396758e+01
