3.812118564275646804e+03
1.364768983387326386e+02
1.172822647946874781e+02
4.845893910424549489e+01
4.925281793416059628e+01
3.078617296811529869e+01
3.111652624873904927e+01
2.523835749965455477e+01
2.539917815266363021e+01
2.338869264637956036e+01
2.349881969935769632e+01
2.256074187447866208e+01
2.264355197491547500e+01
2.216477235360279252e+01
2.223470863266369335e+01
2.194935062349825472e+01
2.200025960621534438e+01
2.181972744460141556e+01
2.186567466264568438e+01
2.173837870506051928e+01
2.178078263517345903e+01
2.168232475458297515e+01
2.172025536415042879e+01
2.163948480272610553e+01
2.167392584801827127e+01
2.160631727288083326e+01
2.163945959887823989e+01
2.157688025909808260e+01
2.160839221613104044e+01
2.155112834631973939e+01
2.158105100367649953e+01
2.152902139562718276e+01
2.155739270796104279e+01
2.150767486646899229e+01
2.153525509910846125e+01
2.149031302887975770e+01
2.151379658198985823e+01
2.147070806714667413e+01
2.149640737950754854e+01
2.145479019662609232e+01
2.147677455426142501e+01
2.143896159117760902e+01
2.145725043120809161e+01
2.142264674630397181e+01
2.144140571692481601e+01
2.141054583527950683e+01
2.142460977481738027e+01
2.139850634618209213e+01
2.141249659879821721e+01
2.138420643593043380e+01
2.140044491544863803e+01
2.137324594181680482e+01
2.138845436316015736e+01
2.136233440991729537e+01
2.137420349289008925e+01
2.135147158194330075e+01
2.136328657044818513e+01
2.134065720178207215e+01
2.135241837970814061e+01
2.133082717008662144e+01
2.134159866431929942e+01
2.132103511045987076e+01
2.133176391935512228e+01
2.131128084537570544e+01
2.132196716803481351e+01
2.130156419862127137e+01
2.131220823266942688e+01
2.129280310560943335e+01
2.130248693688481154e+01
2.128407065057207603e+01
2.129372180064126852e+01
2.127574009806903277e+01
2.128498531857337994e+01
2.126846208298480789e+01
2.127645731141165797e+01
2.126431576974157878e+01
2.126917584193965993e+01
2.125884743682917488e+01
2.126490083682709198e+01
2.125339474307351040e+01
2.125938957707473520e+01
2.124795763293888839e+01
2.125393431405347044e+01
2.124253605120457422e+01
2.124849464351858330e+01
2.123987037140754097e+01
2.124307051019768977e+01
2.123500667523908803e+01
2.124040262607164919e+01
2.123015373776647152e+01
2.123553683306084139e+01
2.122531152692082657e+01
2.123068180487830148e+01
2.122048001078213630e+01
2.122583750942583691e+01
2.121838874855580670e+01
2.122100391475428793e+01
2.121630444200052779e+01
2.121891091148813757e+01
2.121201848952863500e+01
