1.742839813232421875e-04
5.221247673034667969e-02
1.004692316055297852e+00
1.140450954437255859e+00
1.345551252365112305e+00
1.719127655029296875e+00
1.990747928619384766e+00
2.197118520736694336e+00
2.386714458465576172e+00
2.562481164932250977e+00
2.762822389602661133e+00
2.973422527313232422e+00
3.177584648132324219e+00
3.336850881576538086e+00
3.455679655075073242e+00
3.593176841735839844e+00
3.742141008377075195e+00
3.879156827926635742e+00
4.009809970855712891e+00
4.184516906738281250e+00
4.371278047561645508e+00
4.593014955520629883e+00
4.813940763473510742e+00
4.971834421157836914e+00
5.167513132095336914e+00
5.369555711746215820e+00
5.532152891159057617e+00
5.687935829162597656e+00
5.841405391693115234e+00
5.983523845672607422e+00
6.117240190505981445e+00
6.262111425399780273e+00
6.398365020751953125e+00
6.542244195938110352e+00
6.688207626342773438e+00
6.834552764892578125e+00
6.975542545318603516e+00
7.134202480316162109e+00
7.270009994506835938e+00
7.407812833786010742e+00
7.529593229293823242e+00
7.755937099456787109e+00
7.939936161041259766e+00
8.230689287185668945e+00
8.502870798110961914e+00
8.705994606018066406e+00
8.869596242904663086e+00
9.013319969177246094e+00
9.168061733245849609e+00
9.314939975738525391e+00
9.464688301086425781e+00
9.645249366760253906e+00
9.895818948745727539e+00
1.007842922210693359e+01
1.049133181571960449e+01
1.064888858795166016e+01
1.087516427040100098e+01
1.108114838600158691e+01
1.127636361122131348e+01
1.143948698043823242e+01
1.159351515769958496e+01
1.177893590927124023e+01
1.205245900154113770e+01
1.220248651504516602e+01
1.234855651855468750e+01
1.249724864959716797e+01
1.265523982048034668e+01
1.281573438644409180e+01
1.296090793609619141e+01
1.311645030975341797e+01
1.326754975318908691e+01
1.339875149726867676e+01
1.354103660583496094e+01
1.368798613548278809e+01
1.396713995933532715e+01
1.413171839714050293e+01
1.432411122322082520e+01
1.449720287322998047e+01
1.468269443511962891e+01
1.496798920631408691e+01
1.520573735237121582e+01
1.538116145133972168e+01
1.554310750961303711e+01
1.569930720329284668e+01
1.584089422225952148e+01
1.599363160133361816e+01
1.613401961326599121e+01
1.628952646255493164e+01
1.643065094947814941e+01
1.656907606124877930e+01
1.673177576065063477e+01
1.686337924003601074e+01
1.701137614250183105e+01
1.714773678779602051e+01
1.729900383949279785e+01
1.743404841423034668e+01
1.759895515441894531e+01
1.779435062408447266e+01
1.796515154838562012e+01
1.818454217910766602e+01
