2.224445343017578125e-04
4.669380187988281250e-02
1.050732135772705078e-01
5.062003135681152344e-01
6.612176895141601562e-01
8.116436004638671875e-01
1.075129747390747070e+00
1.287353992462158203e+00
1.500811576843261719e+00
1.686637639999389648e+00
1.861296176910400391e+00
2.086140394210815430e+00
2.293597936630249023e+00
2.455623626708984375e+00
2.592983245849609375e+00
2.723152399063110352e+00
2.857532024383544922e+00
3.007240533828735352e+00
3.139106273651123047e+00
3.297740459442138672e+00
3.499546766281127930e+00
3.697979450225830078e+00
3.906000375747680664e+00
4.087148904800415039e+00
4.286997556686401367e+00
4.466204643249511719e+00
4.647451639175415039e+00
4.807051897048950195e+00
4.979119300842285156e+00
5.120350837707519531e+00
5.260826587677001953e+00
5.397105932235717773e+00
5.544739723205566406e+00
5.668506383895874023e+00
5.813376665115356445e+00
5.969116210937500000e+00
6.103624582290649414e+00
6.245339155197143555e+00
6.397687911987304688e+00
6.531010866165161133e+00
6.670125722885131836e+00
6.837355852127075195e+00
7.041411638259887695e+00
7.307756900787353516e+00
7.584319353103637695e+00
7.829706192016601562e+00
8.027229785919189453e+00
8.135316848754882812e+00
8.287970066070556641e+00
8.443395614624023438e+00
8.598317861557006836e+00
8.760978698730468750e+00
8.939630985260009766e+00
9.191665172576904297e+00
9.448702335357666016e+00
9.780495166778564453e+00
9.971838951110839844e+00
1.017301344871520996e+01
1.039726495742797852e+01
1.055772328376770020e+01
1.071563124656677246e+01
1.088509249687194824e+01
1.116326546669006348e+01
1.133142089843750000e+01
1.147847175598144531e+01
1.163040232658386230e+01
1.178286910057067871e+01
1.194214010238647461e+01
1.209214138984680176e+01
1.223761272430419922e+01
1.239463305473327637e+01
1.254168415069580078e+01
1.266904592514038086e+01
1.281111049652099609e+01
1.308425474166870117e+01
1.325529837608337402e+01
1.350399518013000488e+01
1.364129495620727539e+01
1.383255577087402344e+01
1.404599452018737793e+01
1.434544777870178223e+01
1.453041648864746094e+01
1.470699024200439453e+01
1.484785032272338867e+01
1.501012015342712402e+01
1.514176940917968750e+01
1.528538298606872559e+01
1.545778799057006836e+01
1.558336567878723145e+01
1.573130297660827637e+01
1.587323498725891113e+01
1.602918624877929688e+01
1.617148089408874512e+01
1.631337738037109375e+01
1.644955563545227051e+01
1.659493684768676758e+01
1.674960184097290039e+01
1.695226073265075684e+01
1.712875247001647949e+01
1.728934812545776367e+01
