7.383823394775390625e-04
8.556962013244628906e-02
8.806164264678955078e-01
1.254349470138549805e+00
1.409120559692382812e+00
1.588915348052978516e+00
1.809854507446289062e+00
2.043724298477172852e+00
2.257183074951171875e+00
2.450837850570678711e+00
2.627929449081420898e+00
2.837637901306152344e+00
3.049333333969116211e+00
3.229083538055419922e+00
3.377066135406494141e+00
3.510462760925292969e+00
3.631308794021606445e+00
3.783827066421508789e+00
3.917587518692016602e+00
4.070255041122436523e+00
4.247810602188110352e+00
4.453679800033569336e+00
4.650712966918945312e+00
4.856312036514282227e+00
5.041851043701171875e+00
5.233342170715332031e+00
5.419685840606689453e+00
5.591298341751098633e+00
5.749886989593505859e+00
5.891610383987426758e+00
6.031621217727661133e+00
6.173101186752319336e+00
6.310857295989990234e+00
6.452768802642822266e+00
6.581053733825683594e+00
6.744304180145263672e+00
6.888854980468750000e+00
7.018987178802490234e+00
7.171467542648315430e+00
7.302543878555297852e+00
7.444102525711059570e+00
7.618567466735839844e+00
7.836245298385620117e+00
8.043305873870849609e+00
8.391237735748291016e+00
8.636317968368530273e+00
8.837477922439575195e+00
8.969522237777709961e+00
9.120289802551269531e+00
9.283391475677490234e+00
9.433942794799804688e+00
9.600211143493652344e+00
9.865879297256469727e+00
1.003254008293151855e+01
1.045840549468994141e+01
1.061470437049865723e+01
1.081002593040466309e+01
1.102158117294311523e+01
1.123296833038330078e+01
1.139533257484436035e+01
1.155762767791748047e+01
1.174375057220458984e+01
1.200292277336120605e+01
1.217137384414672852e+01
1.231699299812316895e+01
1.246946907043457031e+01
1.261044883728027344e+01
1.276846599578857422e+01
1.291826915740966797e+01
1.307278585433959961e+01
1.322201800346374512e+01
1.336354970932006836e+01
1.350312924385070801e+01
1.364461588859558105e+01
1.392417407035827637e+01
1.408511137962341309e+01
1.433296656608581543e+01
1.452583050727844238e+01
1.473002076148986816e+01
1.502710390090942383e+01
1.522509837150573730e+01
1.540169668197631836e+01
1.556602430343627930e+01
1.572797036170959473e+01
1.585979080200195312e+01
1.600556039810180664e+01
1.614057540893554688e+01
1.631700611114501953e+01
1.644987535476684570e+01
1.659063649177551270e+01
1.674199652671813965e+01
1.688353013992309570e+01
1.703464484214782715e+01
1.716530704498291016e+01
1.730927729606628418e+01
1.745692324638366699e+01
1.762687087059020996e+01
1.783006358146667480e+01
1.800132131576538086e+01
1.824859929084777832e+01
