3.733634948730468750e-04
4.817605018615722656e-02
4.221322536468505859e-01
6.004126071929931641e-01
7.455418109893798828e-01
1.147928714752197266e+00
1.382620573043823242e+00
1.598658323287963867e+00
1.811048746109008789e+00
1.975777149200439453e+00
2.172303438186645508e+00
2.393967866897583008e+00
2.577888250350952148e+00
2.730184555053710938e+00
2.859874963760375977e+00
2.984686136245727539e+00
3.145973682403564453e+00
3.284041404724121094e+00
3.435997962951660156e+00
3.604979038238525391e+00
3.809767484664916992e+00
4.019293546676635742e+00
4.208721160888671875e+00
4.385120630264282227e+00
4.584947347640991211e+00
4.777623891830444336e+00
4.945788383483886719e+00
5.113249063491821289e+00
5.245306015014648438e+00
5.382982492446899414e+00
5.528667688369750977e+00
5.664093017578125000e+00
5.806881427764892578e+00
5.934674978256225586e+00
6.103955984115600586e+00
6.235001802444458008e+00
6.375659704208374023e+00
6.534253120422363281e+00
6.660963773727416992e+00
6.797610044479370117e+00
6.945103645324707031e+00
7.153445720672607422e+00
7.366836309432983398e+00
7.665874719619750977e+00
7.938141107559204102e+00
8.151384592056274414e+00
8.298171758651733398e+00
8.452432870864868164e+00
8.600360870361328125e+00
8.763815402984619141e+00
8.917053222656250000e+00
9.098537921905517578e+00
9.351872920989990234e+00
9.593763828277587891e+00
9.930645704269409180e+00
1.013110804557800293e+01
1.032077383995056152e+01
1.056328654289245605e+01
1.071638941764831543e+01
1.087817931175231934e+01
1.103319931030273438e+01
1.128557252883911133e+01
1.150225710868835449e+01
1.164655160903930664e+01
1.178680300712585449e+01
1.195925450325012207e+01
1.211749815940856934e+01
1.224577689170837402e+01
1.240844774246215820e+01
1.256545376777648926e+01
1.269539761543273926e+01
1.283687210083007812e+01
1.296870398521423340e+01
1.324575471878051758e+01
1.341180706024169922e+01
1.358630204200744629e+01
1.379866194725036621e+01
1.397329092025756836e+01
1.418062543869018555e+01
1.450984191894531250e+01
1.468177580833435059e+01
1.485852885246276855e+01
1.500222110748291016e+01
1.516153454780578613e+01
1.530268263816833496e+01
1.544209027290344238e+01
1.561036849021911621e+01
1.574837112426757812e+01
1.588693213462829590e+01
1.602452611923217773e+01
1.618259406089782715e+01
1.632275342941284180e+01
1.646850204467773438e+01
1.660758447647094727e+01
1.674889373779296875e+01
1.690952014923095703e+01
1.708590817451477051e+01
1.726994490623474121e+01
1.744544982910156250e+01
1.771358132362365723e+01
