2.291202545166015625e-04
5.263304710388183594e-02
6.133308410644531250e-01
7.503414154052734375e-01
1.188344717025756836e+00
1.315403223037719727e+00
1.588739156723022461e+00
1.803030490875244141e+00
2.011723756790161133e+00
2.185826778411865234e+00
2.374596595764160156e+00
2.582354784011840820e+00
2.786654710769653320e+00
2.954744815826416016e+00
3.087274312973022461e+00
3.212304353713989258e+00
3.363463878631591797e+00
3.501989603042602539e+00
3.641780853271484375e+00
3.796178102493286133e+00
3.991253852844238281e+00
4.214450597763061523e+00
4.405778884887695312e+00
4.591720581054687500e+00
4.783704757690429688e+00
4.983139276504516602e+00
5.150561332702636719e+00
5.300424575805664062e+00
5.474252223968505859e+00
5.609362840652465820e+00
5.744154930114746094e+00
5.893773555755615234e+00
6.026503801345825195e+00
6.161778926849365234e+00
6.309733390808105469e+00
6.467511892318725586e+00
6.596330881118774414e+00
6.742929697036743164e+00
6.891417264938354492e+00
7.027723550796508789e+00
7.156419038772583008e+00
7.333392143249511719e+00
7.540581226348876953e+00
7.818968534469604492e+00
8.161549568176269531e+00
8.396106719970703125e+00
8.551573514938354492e+00
8.700852870941162109e+00
8.859010219573974609e+00
8.999335289001464844e+00
9.151571512222290039e+00
9.328029155731201172e+00
9.591478586196899414e+00
9.744715452194213867e+00
1.018079257011413574e+01
1.034401273727416992e+01
1.054596328735351562e+01
1.079598379135131836e+01
1.096333241462707520e+01
1.111766171455383301e+01
1.128807592391967773e+01
1.147406291961669922e+01
1.172935295104980469e+01
1.188403630256652832e+01
1.204573249816894531e+01
1.217638468742370605e+01
1.233882498741149902e+01
1.249301528930664062e+01
1.265583324432373047e+01
1.281031489372253418e+01
1.294361162185668945e+01
1.308311104774475098e+01
1.322737932205200195e+01
1.345198011398315430e+01
1.364925551414489746e+01
1.381210875511169434e+01
1.403105235099792480e+01
1.421433448791503906e+01
1.442830705642700195e+01
1.473952341079711914e+01
1.491465640068054199e+01
1.509681844711303711e+01
1.525222992897033691e+01
1.540948128700256348e+01
1.555680680274963379e+01
1.570658516883850098e+01
1.587331604957580566e+01
1.599593138694763184e+01
1.613338375091552734e+01
1.627199006080627441e+01
1.643764209747314453e+01
1.657970333099365234e+01
1.671853685379028320e+01
1.686355209350585938e+01
1.700616812705993652e+01
1.714972853660583496e+01
1.731670618057250977e+01
1.751778554916381836e+01
1.768555855751037598e+01
1.795579099655151367e+01
