2.040863037109375000e-04
1.162457466125488281e-02
3.704721927642822266e-01
4.123797416687011719e-01
5.124399662017822266e-01
7.824254035949707031e-01
8.270576000213623047e-01
1.080530405044555664e+00
1.130695581436157227e+00
1.402484893798828125e+00
1.524664878845214844e+00
1.652570247650146484e+00
1.891665697097778320e+00
1.941207170486450195e+00
2.033618450164794922e+00
2.266479969024658203e+00
2.395287275314331055e+00
2.594236612319946289e+00
2.843182325363159180e+00
2.908000230789184570e+00
2.974073410034179688e+00
3.201650619506835938e+00
3.276962757110595703e+00
3.566979885101318359e+00
3.629348278045654297e+00
3.858683824539184570e+00
3.902085781097412109e+00
4.135342836380004883e+00
4.234446048736572266e+00
4.481600761413574219e+00
4.556929588317871094e+00
4.764835119247436523e+00
4.825401067733764648e+00
5.076223373413085938e+00
5.174047231674194336e+00
5.234709739685058594e+00
5.519084930419921875e+00
5.594177246093750000e+00
5.786194324493408203e+00
6.053279399871826172e+00
6.103614330291748047e+00
6.435040473937988281e+00
6.505806446075439453e+00
6.558793783187866211e+00
6.769450426101684570e+00
6.840170383453369141e+00
7.078865051269531250e+00
7.108993291854858398e+00
7.390525579452514648e+00
7.462097167968750000e+00
7.528823137283325195e+00
7.756984233856201172e+00
7.830702543258666992e+00
8.043300628662109375e+00
8.123297691345214844e+00
8.369623661041259766e+00
8.455418348312377930e+00
8.529799222946166992e+00
8.752929210662841797e+00
8.828805685043334961e+00
9.072726488113403320e+00
9.129282951354980469e+00
9.225889444351196289e+00
9.539300203323364258e+00
9.655323982238769531e+00
9.994107246398925781e+00
1.008004975318908691e+01
1.030646800994873047e+01
1.039676713943481445e+01
1.061192679405212402e+01
1.067587518692016602e+01
1.088078379631042480e+01
1.093388652801513672e+01
1.109696626663208008e+01
1.135038709640502930e+01
1.140511465072631836e+01
1.147970342636108398e+01
1.159603619575500488e+01
1.168418169021606445e+01
1.176498961448669434e+01
1.185953783988952637e+01
1.195953631401062012e+01
1.205582475662231445e+01
1.216878342628479004e+01
1.230315756797790527e+01
1.242719531059265137e+01
1.252701807022094727e+01
1.263037896156311035e+01
1.270980691909790039e+01
1.283384299278259277e+01
1.292876648902893066e+01
1.301951217651367188e+01
1.312290000915527344e+01
1.322312688827514648e+01
1.337749004364013672e+01
1.344711065292358398e+01
1.361287784576416016e+01
1.369961452484130859e+01
1.380200290679931641e+01
1.392754149436950684e+01
