4.898152231176606506e+02
8.958058537588617298e+01
9.291014931593711879e+01
9.398908000995612610e+01
9.446482819181598245e+01
9.470295699616116281e+01
9.483037062712384113e+01
9.490162625273541153e+01
9.494301778501076683e+01
9.496813104467980793e+01
9.498417572603710823e+01
9.499512231770637527e+01
9.500314399471356808e+01
9.500945823257511336e+01
9.501475418719940080e+01
9.501940592260027074e+01
9.502363318828338379e+01
9.502758470861195406e+01
9.503130464611233208e+01
9.503484554346681534e+01
9.503823781050168407e+01
9.504147335854234768e+01
9.504459811041527928e+01
9.504759075214765573e+01
9.505048648223836949e+01
9.505326672264811805e+01
9.505594744315376943e+01
9.505853154526738535e+01
9.506103912894542418e+01
9.506344687740153176e+01
9.506577467653572455e+01
9.506801636822876844e+01
9.507016436987362340e+01
9.507225407693472619e+01
9.507427189545011004e+01
9.507621999630200094e+01
9.507810635574152514e+01
9.507991137919530900e+01
9.508167316227482502e+01
9.508337066917825098e+01
9.508500580822703796e+01
9.508658895158424684e+01
9.508811077947683543e+01
9.508960453246474742e+01
9.509103199215789459e+01
9.509240337381739039e+01
9.509372629135927468e+01
9.509501085884295435e+01
9.509626462232435529e+01
9.509748914400650222e+01
9.509864491170036160e+01
9.509978893992882831e+01
9.510085881913032324e+01
9.510191868462752041e+01
9.510292900450272668e+01
9.510391409291568721e+01
9.510486934968102446e+01
9.510579133547749109e+01
9.510669947626109888e+01
9.510756027715848404e+01
9.510840033175958297e+01
9.510921858775637361e+01
9.511000193414082560e+01
9.511075653426053123e+01
9.511148251938543297e+01
9.511219795562254831e+01
9.511289338559838313e+01
9.511355448563617188e+01
9.511420532548399365e+01
9.511483039885197854e+01
9.511543094639517903e+01
9.511602147562248888e+01
9.511659599077864868e+01
9.511713669132001314e+01
9.511766265846466695e+01
9.511817280375049677e+01
9.511868275096470882e+01
9.511916141727344609e+01
9.511960886275105054e+01
9.512006573888881178e+01
9.512050817400883318e+01
9.512093620928538940e+01
9.512134154666368602e+01
9.512174811824343124e+01
9.512211875812030826e+01
9.512248459755490160e+01
9.512286842171681656e+01
9.512321417501397036e+01
9.512356242276709395e+01
9.512389042981517662e+01
9.512420543746347334e+01
9.512452411353324067e+01
9.512481540095529908e+01
9.512510207297781051e+01
9.512538414762296668e+01
9.512565442652926606e+01
9.512592124092969925e+01
9.512618350587089822e+01
9.512641958986027646e+01
9.512665115548205108e+01
