1.582753480349224901e+03
8.943709933675316393e+01
9.278787643024647025e+01
9.387957768946790793e+01
9.436222528400577403e+01
9.460443023618604741e+01
9.473449849457992400e+01
9.480765970171790968e+01
9.485054575751030370e+01
9.487691986022778678e+01
9.489408468929282492e+01
9.490606230956947797e+01
9.491505333301674341e+01
9.492229057244105661e+01
9.492847211409844022e+01
9.493397562955871649e+01
9.493902575503020103e+01
9.494377321486840060e+01
9.494826312963172654e+01
9.495254933502494055e+01
9.495666414254782239e+01
9.496059854129889288e+01
9.496440047765335635e+01
9.496804876517293792e+01
9.497157958579121839e+01
9.497497572189381287e+01
9.497825272615330050e+01
9.498141415846976088e+01
9.498448152503425490e+01
9.498743103354756556e+01
9.499028397089919906e+01
9.499303445541602287e+01
9.499567457170046225e+01
9.499824121910734220e+01
9.500072132117620072e+01
9.500311768947592839e+01
9.500543807344551794e+01
9.500766427361617161e+01
9.500983375657168040e+01
9.501192626574643896e+01
9.501394434481711926e+01
9.501589935524229702e+01
9.501778102610391841e+01
9.501962341496633258e+01
9.502138839038858009e+01
9.502308715236506487e+01
9.502472706806933900e+01
9.502631922620037130e+01
9.502787091700329825e+01
9.502938432216593867e+01
9.503081943394855102e+01
9.503223447310787719e+01
9.503356673137459154e+01
9.503488126969891425e+01
9.503613807119296553e+01
9.503736187331213614e+01
9.503854957703617856e+01
9.503969591275253492e+01
9.504082221530569541e+01
9.504189363883237718e+01
9.504293841176026092e+01
9.504395487336712733e+01
9.504493107969813082e+01
9.504587231280633830e+01
9.504677870903847747e+01
9.504766962000613262e+01
9.504853464390734530e+01
9.504936001691118008e+01
9.505017020121357518e+01
9.505094963875501435e+01
9.505170018576458801e+01
9.505243579286248234e+01
9.505315135750684874e+01
9.505382780918912999e+01
9.505448611659119251e+01
9.505512458168576018e+01
9.505575887683235692e+01
9.505635782688067081e+01
9.505692149599951790e+01
9.505749156759321750e+01
9.505804379705345752e+01
9.505857822711506344e+01
9.505908623444251759e+01
9.505959212180214024e+01
9.506005953669897224e+01
9.506051969543618441e+01
9.506099513780645793e+01
9.506142875159451933e+01
9.506186211955191823e+01
9.506227275411180244e+01
9.506266761182399705e+01
9.506306400982370519e+01
9.506343081695084152e+01
9.506379055784104537e+01
9.506414325074203475e+01
9.506448198526197757e+01
9.506481541642995126e+01
9.506514184859329930e+01
9.506544051547697904e+01
9.506573221601695423e+01
