5.287042847967029047e+03
4.151660530839484409e+02
2.497811430792924057e+02
1.963433908561788712e+02
1.728227768123799706e+02
1.610919137880370329e+02
1.548467142627071098e+02
1.513702196150473469e+02
1.493653919606892373e+02
1.481621742519437248e+02
1.474049602508528380e+02
1.468979483936076917e+02
1.465339600862116072e+02
1.462529664406820871e+02
1.460210114691798822e+02
1.458196341880648959e+02
1.456380986059505744e+02
1.454690997939994759e+02
1.453104978241120193e+02
1.451597459748696508e+02
1.450154171561122780e+02
1.448779020619726907e+02
1.447450031580689256e+02
1.446178014572920461e+02
1.444945951098026171e+02
1.443763666382768065e+02
1.442623220468362888e+02
1.441523512066881381e+02
1.440455118183189143e+02
1.439429586542007655e+02
1.438437578782875335e+02
1.437482335923283472e+02
1.436567611812509142e+02
1.435676368579337350e+02
1.434815596596050682e+02
1.433984483641040697e+02
1.433179064163821579e+02
1.432409557214595281e+02
1.431656904840404252e+02
1.430931846477152192e+02
1.430233673997599624e+02
1.429557574931477291e+02
1.428907939746571287e+02
1.428268542050405472e+02
1.427658428502350318e+02
1.427072849219503041e+02
1.426507983959743058e+02
1.425959124230988664e+02
1.425422477785707542e+02
1.424897475414597352e+02
1.424403621376976048e+02
1.423912974212657332e+02
1.423456460278356417e+02
1.423002517916591216e+02
1.422570657800102367e+02
1.422148946137558312e+02
1.421740106914270427e+02
1.421345348303501339e+02
1.420955577056502648e+02
1.420587058320192568e+02
1.420227059230631141e+02
1.419875944759281197e+02
1.419540559313520305e+02
1.419217608955796095e+02
1.418907040713196182e+02
1.418600250683425941e+02
1.418301682336993963e+02
1.418018608805290910e+02
1.417739197332260801e+02
1.417471138326821176e+02
1.417213990858769534e+02
1.416960408047797273e+02
1.416713615568638147e+02
1.416482109428304739e+02
1.416256936463038301e+02
1.416038476097774605e+02
1.415818991368345507e+02
1.415613889787011601e+02
1.415423146864119417e+02
1.415226867759415654e+02
1.415036803814948314e+02
1.414852938382283014e+02
1.414679305985536075e+02
1.414504131382782930e+02
1.414346081204016059e+02
1.414189729417859098e+02
1.414023704301661155e+02
1.413875547044212340e+02
1.413725398945434790e+02
1.413584611441639254e+02
1.413449516769620402e+02
1.413312017346714242e+02
1.413187508244913317e+02
1.413064622905949932e+02
1.412943354084972611e+02
1.412827351982563187e+02
1.412712568976625107e+02
1.412599383177583832e+02
1.412498759611171408e+02
1.412399720619079631e+02
