2.136061821229709494e+03
8.930541829761622807e+01
9.272168565706189725e+01
9.382916280554158561e+01
9.431754210314049658e+01
9.456200320148681726e+01
9.469281073903897550e+01
9.476597013583105422e+01
9.480847390321019930e+01
9.483426884092168052e+01
9.485075608617904663e+01
9.486201145499676102e+01
9.487026566063681798e+01
9.487676832772525870e+01
9.488222674260913436e+01
9.488702470420975033e+01
9.489138770273785894e+01
9.489546827125126072e+01
9.489931162886939831e+01
9.490297161052781405e+01
9.490647937539338841e+01
9.490982648593582383e+01
9.491306003564044147e+01
9.491615807256287951e+01
9.491915666069402846e+01
9.492203672312709273e+01
9.492481454840650201e+01
9.492749307184716656e+01
9.493009291295746266e+01
9.493259006906674813e+01
9.493500495052578003e+01
9.493733120157179428e+01
9.493956097556812779e+01
9.494173060950321030e+01
9.494382614483531313e+01
9.494584980327712742e+01
9.494780971343898557e+01
9.494968582402188417e+01
9.495151713470770005e+01
9.495328208509432955e+01
9.495498264116308462e+01
9.495662947418304611e+01
9.495821294065828511e+01
9.495976715594164830e+01
9.496125290765731108e+01
9.496268071402289479e+01
9.496405834669818091e+01
9.496539622296999994e+01
9.496670204604203036e+01
9.496797744246980244e+01
9.496918184378526462e+01
9.497037378400298735e+01
9.497148923043933166e+01
9.497259400225902937e+01
9.497364751534236404e+01
9.497467472037604352e+01
9.497567099733450391e+01
9.497663267759436678e+01
9.497757980928055588e+01
9.497847793899420310e+01
9.497935444732326005e+01
9.498020820253104546e+01
9.498102584041173202e+01
9.498181360829194375e+01
9.498257163417838456e+01
9.498331853344143383e+01
9.498404453132488356e+01
9.498473497789822773e+01
9.498541457822631173e+01
9.498606742413262793e+01
9.498669483101107858e+01
9.498731162661164262e+01
9.498791172885913170e+01
9.498847678302425379e+01
9.498902649834937506e+01
9.498955970782245117e+01
9.499009243155882132e+01
9.499059278935048667e+01
9.499106084032477781e+01
9.499153834489908377e+01
9.499200079503080474e+01
9.499244823082538858e+01
9.499287211580821122e+01
9.499329701534021808e+01
9.499368488737577820e+01
9.499406765623490401e+01
9.499446866187010130e+01
9.499483034294766526e+01
9.499519437217571749e+01
9.499553745842368357e+01
9.499586700144551799e+01
9.499620014269743251e+01
9.499650503286322589e+01
9.499680499931966438e+01
9.499710005945948410e+01
9.499738285588006192e+01
9.499766195644522782e+01
9.499793619708890446e+01
9.499818347107392924e+01
9.499842591553664306e+01
