1.652240753173828125e-04
8.018298149108886719e-01
8.820264339447021484e-01
1.017095565795898438e+00
1.211468696594238281e+00
1.297538995742797852e+00
1.431265830993652344e+00
1.547832250595092773e+00
1.630761384963989258e+00
1.766235351562500000e+00
1.848129272460937500e+00
1.948467016220092773e+00
2.075891256332397461e+00
2.191371679306030273e+00
2.300180196762084961e+00
2.402417659759521484e+00
2.528347492218017578e+00
2.600007534027099609e+00
2.711454391479492188e+00
2.832547903060913086e+00
2.996656894683837891e+00
3.145509719848632812e+00
3.210997343063354492e+00
3.340550899505615234e+00
3.457577943801879883e+00
3.548806667327880859e+00
3.640739440917968750e+00
3.745595932006835938e+00
3.835032224655151367e+00
3.928406000137329102e+00
4.020176887512207031e+00
4.131403446197509766e+00
4.208384752273559570e+00
4.294105768203735352e+00
4.393981933593750000e+00
4.510113716125488281e+00
4.617778778076171875e+00
4.715304136276245117e+00
4.821753978729248047e+00
4.922478437423706055e+00
5.005563735961914062e+00
5.159104347229003906e+00
5.233091115951538086e+00
5.338865280151367188e+00
5.411158084869384766e+00
5.508595705032348633e+00
5.603271484375000000e+00
5.700928211212158203e+00
5.799345493316650391e+00
5.896098613739013672e+00
5.969009160995483398e+00
6.077038049697875977e+00
6.223732709884643555e+00
6.318753719329833984e+00
6.441501617431640625e+00
6.537698745727539062e+00
6.635777235031127930e+00
6.754181623458862305e+00
6.851689338684082031e+00
6.951254844665527344e+00
7.036062479019165039e+00
7.159998416900634766e+00
7.258686304092407227e+00
7.368915557861328125e+00
7.518849611282348633e+00
7.600963592529296875e+00
7.700432777404785156e+00
7.788255929946899414e+00
7.897934436798095703e+00
7.991091728210449219e+00
8.084116697311401367e+00
8.189689397811889648e+00
8.502262115478515625e+00
8.583424806594848633e+00
8.676934957504272461e+00
8.769662141799926758e+00
8.867607831954956055e+00
8.996930360794067383e+00
9.076839447021484375e+00
9.234501600265502930e+00
9.351891517639160156e+00
9.418664932250976562e+00
9.542019367218017578e+00
9.632477760314941406e+00
9.733901023864746094e+00
9.850076436996459961e+00
9.959432363510131836e+00
1.004624462127685547e+01
1.015408921241760254e+01
1.029787325859069824e+01
1.042818617820739746e+01
1.053584837913513184e+01
1.061037850379943848e+01
1.071866822242736816e+01
1.080209803581237793e+01
1.088863825798034668e+01
1.100869417190551758e+01
1.119342589378356934e+01
1.123444771766662598e+01
1.131607174873352051e+01
