4.444122314453125000e-04
1.006398200988769531e+00
1.082179546356201172e+00
1.198915719985961914e+00
1.400476932525634766e+00
1.499029636383056641e+00
1.625646829605102539e+00
1.742979764938354492e+00
1.826766967773437500e+00
1.952731370925903320e+00
2.049974441528320312e+00
2.151763439178466797e+00
2.253805160522460938e+00
2.384902000427246094e+00
2.484426498413085938e+00
2.596687316894531250e+00
2.719422340393066406e+00
2.824349880218505859e+00
2.908813953399658203e+00
3.021266937255859375e+00
3.185774087905883789e+00
3.336949586868286133e+00
3.448078155517578125e+00
3.540376901626586914e+00
3.652214050292968750e+00
3.753448486328125000e+00
3.839380264282226562e+00
3.942559957504272461e+00
4.028571128845214844e+00
4.119265317916870117e+00
4.223020553588867188e+00
4.354302406311035156e+00
4.424180507659912109e+00
4.504188060760498047e+00
4.618292093276977539e+00
4.736751079559326172e+00
4.822625160217285156e+00
4.916257381439208984e+00
5.034968614578247070e+00
5.126466512680053711e+00
5.220117330551147461e+00
5.371304273605346680e+00
5.440417766571044922e+00
5.543505907058715820e+00
5.643005132675170898e+00
5.721214056015014648e+00
5.847110271453857422e+00
5.918122529983520508e+00
6.033434867858886719e+00
6.110904693603515625e+00
6.190706968307495117e+00
6.301208496093750000e+00
6.454443931579589844e+00
6.524507999420166016e+00
6.645048618316650391e+00
6.743867635726928711e+00
6.839971780776977539e+00
6.959509134292602539e+00
7.053668975830078125e+00
7.151931285858154297e+00
7.240084409713745117e+00
7.364387750625610352e+00
7.450199842453002930e+00
7.557438611984252930e+00
7.699713468551635742e+00
7.794635295867919922e+00
7.891654491424560547e+00
7.960871934890747070e+00
8.087907791137695312e+00
8.189469099044799805e+00
8.262260437011718750e+00
8.384976863861083984e+00
8.690983533859252930e+00
8.770378112792968750e+00
8.859763145446777344e+00
8.971873521804809570e+00
9.055554389953613281e+00
9.194144725799560547e+00
9.270961523056030273e+00
9.417220830917358398e+00
9.535055637359619141e+00
9.617845058441162109e+00
9.746003150939941406e+00
9.837637424468994141e+00
9.933568000793457031e+00
1.005375313758850098e+01
1.016330385208129883e+01
1.025071048736572266e+01
1.035548353195190430e+01
1.048655676841735840e+01
1.061032319068908691e+01
1.071508097648620605e+01
1.079306244850158691e+01
1.089264631271362305e+01
1.099084401130676270e+01
1.106889700889587402e+01
1.121461510658264160e+01
1.127408504486083984e+01
1.143904161453247070e+01
1.152225637435913086e+01
