1.561641693115234375e-04
7.729384899139404297e-01
8.855266571044921875e-01
9.763193130493164062e-01
1.140787124633789062e+00
1.292440891265869141e+00
1.401215314865112305e+00
1.513468742370605469e+00
1.626704216003417969e+00
1.730823755264282227e+00
1.836947679519653320e+00
1.919743061065673828e+00
2.026005983352661133e+00
2.155935764312744141e+00
2.273931741714477539e+00
2.376117944717407227e+00
2.496470212936401367e+00
2.584405660629272461e+00
2.685104370117187500e+00
2.796837568283081055e+00
2.936651229858398438e+00
3.137531757354736328e+00
3.240126371383666992e+00
3.341114521026611328e+00
3.419112205505371094e+00
3.525645732879638672e+00
3.611192226409912109e+00
3.712981224060058594e+00
3.802525758743286133e+00
3.895312309265136719e+00
4.008073329925537109e+00
4.117193460464477539e+00
4.221885442733764648e+00
4.310512781143188477e+00
4.411212444305419922e+00
4.498726367950439453e+00
4.611269235610961914e+00
4.711436033248901367e+00
4.803752660751342773e+00
4.903285264968872070e+00
5.012905359268188477e+00
5.155615329742431641e+00
5.207603454589843750e+00
5.316944599151611328e+00
5.395649433135986328e+00
5.475204467773437500e+00
5.585637331008911133e+00
5.687773227691650391e+00
5.786345243453979492e+00
5.875944852828979492e+00
5.954099655151367188e+00
6.055494546890258789e+00
6.204842090606689453e+00
6.302775621414184570e+00
6.422533273696899414e+00
6.520665168762207031e+00
6.610148668289184570e+00
6.737187862396240234e+00
6.827003717422485352e+00
6.927156686782836914e+00
7.011874198913574219e+00
7.139345169067382812e+00
7.212009668350219727e+00
7.329963922500610352e+00
7.479699850082397461e+00
7.561586856842041016e+00
7.655148267745971680e+00
7.752086639404296875e+00
7.872826814651489258e+00
7.968496084213256836e+00
8.041343688964843750e+00
8.165442943572998047e+00
8.465278863906860352e+00
8.551704406738281250e+00
8.634485721588134766e+00
8.744115114212036133e+00
8.833750009536743164e+00
8.964534521102905273e+00
9.051893234252929688e+00
9.174403429031372070e+00
9.302963018417358398e+00
9.396210432052612305e+00
9.519949913024902344e+00
9.615746736526489258e+00
9.679710626602172852e+00
9.827680110931396484e+00
9.938725471496582031e+00
1.002551221847534180e+01
1.012463402748107910e+01
1.029239249229431152e+01
1.038161897659301758e+01
1.049128627777099609e+01
1.056728601455688477e+01
1.066405344009399414e+01
1.076798868179321289e+01
1.084325408935546875e+01
1.097630763053894043e+01
1.105018377304077148e+01
1.121601629257202148e+01
1.129634547233581543e+01
