5.313379689898254128e+02
1.394859508786843207e+02
5.495738698569989822e+01
3.309606547729651993e+01
2.655519618105704183e+01
2.413253023797151542e+01
2.308300391767891568e+01
2.252366715329542046e+01
2.218580143934537929e+01
2.195105075858613475e+01
2.179150274956580802e+01
2.166465881856419529e+01
2.155714268794306321e+01
2.146068395701550813e+01
2.137446358097891164e+01
2.129372734316983795e+01
2.121967655979075573e+01
2.115174510438442823e+01
2.108774225928591051e+01
2.102422141541761391e+01
2.096478875115059992e+01
2.090698554655322994e+01
2.085733008639850894e+01
2.080763964225962681e+01
2.076821032137840461e+01
2.072690881129570073e+01
2.068585946016996502e+01
2.064966094941100039e+01
2.061151625521990027e+01
2.057814970548666977e+01
2.054495850270175339e+01
2.051489034053768279e+01
2.048511025013694820e+01
2.045547367604933342e+01
2.042829205647754520e+01
2.040122797661396348e+01
2.037428059414217074e+01
2.035171907706558159e+01
2.032751587054779918e+01
2.030378553579200940e+01
2.028420129428786822e+01
2.026468727629066535e+01
2.024373890947242671e+01
2.022298332383109454e+01
2.020763015355136716e+01
2.019292433918671392e+01
2.017826483385069380e+01
2.016176436257461546e+01
2.014900630159969452e+01
2.013628199033792043e+01
2.012359128855638346e+01
2.011093405679301682e+01
2.009831015635114682e+01
2.008383744475376176e+01
2.007493884139332607e+01
2.006418132973868040e+01
2.005344683496485203e+01
2.004273527806840249e+01
2.003204658040573349e+01
2.002501479204745749e+01
2.001799703960011101e+01
2.000736628699727504e+01
2.000038004314011530e+01
1.999340771244920134e+01
1.998457182769729812e+01
1.997575052664209494e+01
1.996694376967708351e+01
1.995815151733946280e+01
1.994937373030950312e+01
1.994420545016333080e+01
1.993904485385349545e+01
1.993425402849072015e+01
1.992972290574711636e+01
1.992185061792712730e+01
1.991733553840252213e+01
1.991282731007860463e+01
1.990648504581309908e+01
1.990199048008601679e+01
1.989566246969233632e+01
1.988934187312990787e+01
1.988486769619998995e+01
1.987856126671391621e+01
1.987226220712127400e+01
1.987113058804850496e+01
1.986484275409448230e+01
1.986188020142697752e+01
1.985892063054433976e+01
1.985596403748667882e+01
1.985301041830098256e+01
1.985005976904111691e+01
1.984380155607941276e+01
1.984085831243100984e+01
1.983791802477463762e+01
1.983498068919526958e+01
1.983039230406547659e+01
1.982760601324197935e+01
1.982482262047468424e+01
1.982032425956418464e+01
1.981754661376479021e+01
1.981305450439143101e+01
