2.532170020847770502e+03
1.378717229448546107e+02
5.340135558528484694e+01
3.245292322008349117e+01
2.645156077144208950e+01
2.413625882464345551e+01
2.310080099360127548e+01
2.257610639144877851e+01
2.226047498873673547e+01
2.205512713091276922e+01
2.190738545475294075e+01
2.178475795695075590e+01
2.167866298392680235e+01
2.158789815549710411e+01
2.150902747002926674e+01
2.143402495983865208e+01
2.136489434776667906e+01
2.130152684146568376e+01
2.124205869659001067e+01
2.118589027822496362e+01
2.113381465024177430e+01
2.108206684503112527e+01
2.103564976545517595e+01
2.098729400303397696e+01
2.094418198237395856e+01
2.089975518793236020e+01
2.085557599924810646e+01
2.081667105137811191e+01
2.077554966240001733e+01
2.073963087582520615e+01
2.070388107503165287e+01
2.067085694197577439e+01
2.063797394550968534e+01
2.060523112582527716e+01
2.057515035308065166e+01
2.054518511023042393e+01
2.051533468786661274e+01
2.049047528900596760e+01
2.046332053379445881e+01
2.043698261698602892e+01
2.041689404112031170e+01
2.039705480141391547e+01
2.037563112067306292e+01
2.035427441339445664e+01
2.033717799365358303e+01
2.032012983133662232e+01
2.030312971893001617e+01
2.028413387265574386e+01
2.026935080919189858e+01
2.025528479866964204e+01
2.024131621859836372e+01
2.022738150601480811e+01
2.021348053534158851e+01
2.019767604169543063e+01
2.018775990677165311e+01
2.017593015608043316e+01
2.016412385701157817e+01
2.015234093729758058e+01
2.014141741871645763e+01
2.013437124987660098e+01
2.012733767315349809e+01
2.011668331612196070e+01
2.011000807386521672e+01
2.010334554498294679e+01
2.009458150206095084e+01
2.008583110518521408e+01
2.007709432101638569e+01
2.006837111633223714e+01
2.005971366499093023e+01
2.005508555042273144e+01
2.005046467004985900e+01
2.004585101223599253e+01
2.004124456537791588e+01
2.003276727827297776e+01
2.002817756917103154e+01
2.002359503150852760e+01
2.001667376355991834e+01
2.001210548859010885e+01
2.000519916333192327e+01
1.999865630488903179e+01
1.999455830057943473e+01
1.998819126325579276e+01
1.998183147619038280e+01
1.998138708376014705e+01
1.997508138861232396e+01
1.997283454021020077e+01
1.997059021395669731e+01
1.996834840731646210e+01
1.996610911775902508e+01
1.996387234275883316e+01
1.995825942603164904e+01
1.995602883640187031e+01
1.995398220435710357e+01
1.995196457593677053e+01
1.994778514980907147e+01
1.994577221446389359e+01
1.994376168769305480e+01
1.993958972703472199e+01
1.993758387696230727e+01
1.993341709021923691e+01
