1.552104949951171875e-04
3.357303142547607422e-01
4.245126247406005859e-01
5.383358001708984375e-01
6.655161380767822266e-01
7.893204689025878906e-01
8.692958354949951172e-01
9.714014530181884766e-01
1.100566387176513672e+00
1.215937614440917969e+00
1.303363084793090820e+00
1.422511100769042969e+00
1.513410806655883789e+00
1.620584011077880859e+00
1.745667457580566406e+00
1.859113216400146484e+00
1.941771745681762695e+00
2.067109584808349609e+00
2.135154008865356445e+00
2.233363628387451172e+00
2.353216409683227539e+00
2.494089365005493164e+00
2.658146381378173828e+00
2.744765520095825195e+00
2.919205665588378906e+00
2.982497215270996094e+00
3.046047687530517578e+00
3.133388519287109375e+00
3.214957475662231445e+00
3.325792074203491211e+00
3.419680833816528320e+00
3.573185920715332031e+00
3.710778713226318359e+00
3.814152002334594727e+00
3.937152862548828125e+00
4.041901350021362305e+00
4.181379795074462891e+00
4.318728923797607422e+00
4.452547788619995117e+00
4.531762599945068359e+00
4.665242433547973633e+00
4.769999742507934570e+00
4.889478206634521484e+00
5.004952430725097656e+00
5.114528417587280273e+00
5.215768337249755859e+00
5.320953607559204102e+00
5.432031393051147461e+00
5.507560968399047852e+00
5.615675449371337891e+00
5.706709384918212891e+00
5.788193464279174805e+00
5.867954492568969727e+00
5.951919317245483398e+00
6.038939714431762695e+00
6.148691177368164062e+00
6.273034811019897461e+00
6.374402046203613281e+00
6.480704307556152344e+00
6.554830074310302734e+00
6.663966655731201172e+00
6.765294790267944336e+00
6.867293357849121094e+00
6.953904390335083008e+00
7.071120262145996094e+00
7.235053062438964844e+00
7.369118928909301758e+00
7.476531744003295898e+00
7.653788805007934570e+00
7.785420656204223633e+00
7.936094999313354492e+00
8.041787147521972656e+00
8.175132036209106445e+00
8.306242942810058594e+00
8.415366172790527344e+00
8.536293029785156250e+00
8.674430131912231445e+00
8.773921728134155273e+00
8.892632961273193359e+00
9.028134107589721680e+00
9.151441097259521484e+00
9.227196216583251953e+00
9.307948589324951172e+00
9.402058601379394531e+00
9.475901842117309570e+00
9.648211956024169922e+00
9.721287965774536133e+00
9.856907844543457031e+00
9.949826717376708984e+00
1.003082418441772461e+01
1.013192176818847656e+01
1.022615504264831543e+01
1.034640932083129883e+01
1.045427870750427246e+01
1.057626986503601074e+01
1.067531132698059082e+01
1.082676362991333008e+01
1.092201590538024902e+01
1.103603553771972656e+01
1.114338850975036621e+01
