1.116195020583531732e+04
9.829601234571042369e+03
7.038580165156064140e+03
6.027407810952228829e+03
5.550949996215411375e+03
5.298864333944855389e+03
5.156465791413602346e+03
5.071306906782368969e+03
5.018203757608748674e+03
4.983685185569106579e+03
4.959735832534002839e+03
4.942803295641647310e+03
4.929505661696132847e+03
4.918165876188961192e+03
4.908745841660962469e+03
4.901212958866022745e+03
4.893945789553025861e+03
4.886931050536860312e+03
4.880156216071069139e+03
4.874336351005822507e+03
4.868733209237536357e+03
4.863336271198683789e+03
4.858135621648199049e+03
4.853848990479564236e+03
4.848899327391511179e+03
4.844124452221260071e+03
4.839516195398753553e+03
4.835794009854433170e+03
4.831391655000166793e+03
4.827865580998391124e+03
4.824481921302938645e+03
4.821234367178427419e+03
4.818020188056367260e+03
4.814934114651622622e+03
4.811877332798273528e+03
4.808941280534825637e+03
4.806030782554360485e+03
4.803962425741583502e+03
4.801188059888758289e+03
4.799249895200770879e+03
4.796602276020279533e+03
4.794785394950495174e+03
4.792255957443347143e+03
4.790552245582242904e+03
4.788133208471815124e+03
4.786535311639846441e+03
4.784948914253818657e+03
4.782644516746178851e+03
4.781156158798359684e+03
4.779677156289730192e+03
4.778207472564417913e+03
4.776819706817747829e+03
4.775439408818514494e+03
4.774066551927056935e+03
4.771971036782319061e+03
4.770682296434392811e+03
4.769399354232455153e+03
4.768920509940426200e+03
4.768446396603117137e+03
4.767246155257958890e+03
4.766050290116031647e+03
4.764858788582947454e+03
4.763671638132089356e+03
4.763284089619023689e+03
4.762168751515251643e+03
4.761056581032269605e+03
4.759947570132326291e+03
4.759635134384121557e+03
4.759325065535467729e+03
4.758285745018018133e+03
4.757248606872368327e+03
4.756213646304870053e+03
4.755180858539406472e+03
4.754941334731789539e+03
4.754703312345107406e+03
4.754466789807149325e+03
4.753499825802549822e+03
4.753266119198666274e+03
4.752301872209338399e+03
4.751339022019963522e+03
4.751166691770729813e+03
4.750995199411659996e+03
4.750824544297304783e+03
4.750654725784233960e+03
4.750485743231020024e+03
4.749585094165969167e+03
4.749417645187120797e+03
4.748518518978296925e+03
4.747620216193254237e+03
4.746722735655960605e+03
4.747345305611765980e+03
4.747235987855704479e+03
4.747127039236065684e+03
4.747018459567554601e+03
4.746910248665266408e+03
4.746802406344684641e+03
4.746694932421676640e+03
4.745854835698763054e+03
4.745748005766434289e+03
4.745641543569072383e+03
