1.974134343267342956e+03
9.588499816236912011e+03
6.864898001765461231e+03
5.878082288296740444e+03
5.413033040386546418e+03
5.166916028137668036e+03
5.027821767001985791e+03
4.944577677733230303e+03
4.892613527408839218e+03
4.858784380831084491e+03
4.835271811503495883e+03
4.818609365097529007e+03
4.805497799028535155e+03
4.794301062872923467e+03
4.784981527417069628e+03
4.777506976722936997e+03
4.770296270442548121e+03
4.763336344181384447e+03
4.756614893350440980e+03
4.750826689340404300e+03
4.745254155657121373e+03
4.739886993586372228e+03
4.734715505996540742e+03
4.730436970258290785e+03
4.725514350885332533e+03
4.720766393610399064e+03
4.716185135116513266e+03
4.712469419215209200e+03
4.708093014025791490e+03
4.704572545801699562e+03
4.701195147964015632e+03
4.697954694985608512e+03
4.694746611217285135e+03
4.691667703190661996e+03
4.688617190320911504e+03
4.685688697534904350e+03
4.682784967604806297e+03
4.680703728642385613e+03
4.677936909742181342e+03
4.675986777119377621e+03
4.673347779618185086e+03
4.671520132712230406e+03
4.669000668885326377e+03
4.667287662340634597e+03
4.664880208542706896e+03
4.663274737380934312e+03
4.661680364760617522e+03
4.659389023627515598e+03
4.657894677256987052e+03
4.656409358134171271e+03
4.654933029151339724e+03
4.653541153935732837e+03
4.652156484107374126e+03
4.650778992765864132e+03
4.648700168211184064e+03
4.647409274162545444e+03
4.646123974677448132e+03
4.645623963608635677e+03
4.645128490711755148e+03
4.643928388653628645e+03
4.642732510573978288e+03
4.641540843834933185e+03
4.640353375868326111e+03
4.639946788156124967e+03
4.638834042817868976e+03
4.637724356888886177e+03
4.636617722335232429e+03
4.636289009131898638e+03
4.635962563276843866e+03
4.634928612624866219e+03
4.633896772487559247e+03
4.632867038094771488e+03
4.631839404694264886e+03
4.631586447994720402e+03
4.631334928710726672e+03
4.631084845207968101e+03
4.630126181457846542e+03
4.629878800793238952e+03
4.628922761800441549e+03
4.627968076342254790e+03
4.627785374950182813e+03
4.627603475280948260e+03
4.627422376663498653e+03
4.627242078428849709e+03
4.627062579910094428e+03
4.626173390217973065e+03
4.625995364322504429e+03
4.625107650107924201e+03
4.624220736638726521e+03
4.623334622757482975e+03
4.623928034958749777e+03
4.623811572502922900e+03
4.623695463023612319e+03
4.623579706328125212e+03
4.623464302224171661e+03
4.623349250519861016e+03
4.623234551023699169e+03
4.622409304259021155e+03
4.622295224213798065e+03
4.622181495702336179e+03
