4.832744598388671875e-04
5.288369655609130859e-01
7.342936992645263672e-01
8.970372676849365234e-01
1.058884859085083008e+00
1.195306539535522461e+00
1.349262714385986328e+00
1.541203260421752930e+00
1.734052181243896484e+00
1.944962739944458008e+00
2.108555555343627930e+00
2.367034673690795898e+00
2.604049921035766602e+00
2.901542663574218750e+00
3.095333337783813477e+00
3.241995334625244141e+00
3.416703224182128906e+00
3.551010847091674805e+00
3.716513156890869141e+00
3.876221179962158203e+00
4.021782398223876953e+00
4.169550895690917969e+00
4.301992654800415039e+00
4.469809532165527344e+00
4.635508060455322266e+00
4.747536182403564453e+00
4.873092651367187500e+00
5.017881393432617188e+00
5.171681404113769531e+00
5.362911701202392578e+00
5.613611221313476562e+00
5.846289634704589844e+00
6.023642778396606445e+00
6.172027826309204102e+00
6.327819108963012695e+00
6.499203920364379883e+00
6.726434946060180664e+00
6.888105154037475586e+00
7.027382373809814453e+00
7.176351785659790039e+00
7.339737176895141602e+00
7.518347501754760742e+00
7.687479734420776367e+00
7.861407041549682617e+00
8.041573524475097656e+00
8.201955080032348633e+00
8.379611015319824219e+00
8.547401428222656250e+00
8.772706985473632812e+00
8.956644535064697266e+00
9.147183895111083984e+00
9.308695554733276367e+00
9.458886384963989258e+00
9.617675065994262695e+00
9.776324033737182617e+00
9.938143968582153320e+00
1.011117029190063477e+01
1.026866364479064941e+01
1.043503355979919434e+01
1.055788040161132812e+01
1.072476863861083984e+01
1.085688424110412598e+01
1.097876882553100586e+01
1.112688970565795898e+01
1.129158520698547363e+01
1.146284532546997070e+01
1.166631102561950684e+01
1.189804267883300781e+01
1.214836788177490234e+01
1.234175586700439453e+01
1.245129346847534180e+01
1.258200287818908691e+01
1.275119233131408691e+01
1.289490270614624023e+01
1.301266479492187500e+01
1.312500619888305664e+01
1.328330183029174805e+01
1.341138052940368652e+01
1.357141137123107910e+01
1.373721504211425781e+01
1.386400198936462402e+01
1.399543905258178711e+01
1.413607692718505859e+01
1.426675915718078613e+01
1.447012782096862793e+01
1.465759134292602539e+01
1.483800554275512695e+01
1.501971197128295898e+01
1.518373942375183105e+01
1.535252046585083008e+01
1.552911353111267090e+01
1.568888688087463379e+01
1.586551499366760254e+01
1.599789142608642578e+01
1.613211774826049805e+01
1.626195931434631348e+01
1.639608836174011230e+01
1.653969120979309082e+01
1.670739412307739258e+01
1.687360215187072754e+01
