3.654956817626953125e-04
5.481393337249755859e-01
7.568051815032958984e-01
9.123954772949218750e-01
1.071828126907348633e+00
1.208325862884521484e+00
1.354078531265258789e+00
1.552525758743286133e+00
1.745841741561889648e+00
1.950552225112915039e+00
2.118982315063476562e+00
2.371132135391235352e+00
2.666346788406372070e+00
2.915471792221069336e+00
3.150781393051147461e+00
3.345663070678710938e+00
3.446364164352416992e+00
3.586221933364868164e+00
3.750706195831298828e+00
3.917295932769775391e+00
4.057181835174560547e+00
4.199415922164916992e+00
4.333187580108642578e+00
4.481399774551391602e+00
4.645710706710815430e+00
4.766098260879516602e+00
4.899257659912109375e+00
5.035074234008789062e+00
5.201907634735107422e+00
5.380560159683227539e+00
5.695995569229125977e+00
5.853526115417480469e+00
6.039841413497924805e+00
6.190626859664916992e+00
6.349573612213134766e+00
6.505563735961914062e+00
6.738681793212890625e+00
6.904321432113647461e+00
7.053440809249877930e+00
7.219325780868530273e+00
7.378254413604736328e+00
7.525192260742187500e+00
7.716294765472412109e+00
7.886257886886596680e+00
8.009778738021850586e+00
8.190411567687988281e+00
8.405547857284545898e+00
8.556471347808837891e+00
8.784384489059448242e+00
8.971730232238769531e+00
9.163346290588378906e+00
9.321083784103393555e+00
9.469510078430175781e+00
9.631356000900268555e+00
9.788373470306396484e+00
9.955986738204956055e+00
1.011271071434020996e+01
1.028791236877441406e+01
1.044781661033630371e+01
1.058317685127258301e+01
1.074583363533020020e+01
1.088050532341003418e+01
1.101853179931640625e+01
1.113380599021911621e+01
1.130282664299011230e+01
1.147191739082336426e+01
1.165874528884887695e+01
1.190342545509338379e+01
1.212419676780700684e+01
1.236115336418151855e+01
1.247957992553710938e+01
1.260238289833068848e+01
1.276391863822937012e+01
1.291052246093750000e+01
1.302662086486816406e+01
1.314593553543090820e+01
1.330625343322753906e+01
1.343183326721191406e+01
1.358534073829650879e+01
1.374578285217285156e+01
1.386952686309814453e+01
1.401140403747558594e+01
1.414667201042175293e+01
1.427982878684997559e+01
1.445752668380737305e+01
1.465920329093933105e+01
1.484529137611389160e+01
1.502621078491210938e+01
1.518714332580566406e+01
1.536721968650817871e+01
1.553748583793640137e+01
1.569977569580078125e+01
1.590293622016906738e+01
1.601440119743347168e+01
1.615429663658142090e+01
1.627382850646972656e+01
1.641113376617431641e+01
1.656151485443115234e+01
1.671401500701904297e+01
1.688509941101074219e+01
