1.678466796875000000e-04
6.450390815734863281e-02
2.645850181579589844e-01
4.257721900939941406e-01
5.866327285766601562e-01
7.289268970489501953e-01
8.905882835388183594e-01
1.073197603225708008e+00
1.265239477157592773e+00
1.470570564270019531e+00
1.633812665939331055e+00
1.880370378494262695e+00
2.135421991348266602e+00
2.432786941528320312e+00
2.649812221527099609e+00
2.788963317871093750e+00
2.933907985687255859e+00
3.069057703018188477e+00
3.233859062194824219e+00
3.393694162368774414e+00
3.536483764648437500e+00
3.682130813598632812e+00
3.833457469940185547e+00
3.994230508804321289e+00
4.149807691574096680e+00
4.272217750549316406e+00
4.409105539321899414e+00
4.555244922637939453e+00
4.708268880844116211e+00
4.893137931823730469e+00
5.158544301986694336e+00
5.381199598312377930e+00
5.544106245040893555e+00
5.692571401596069336e+00
5.851859569549560547e+00
6.024160385131835938e+00
6.248738050460815430e+00
6.408736467361450195e+00
6.553351163864135742e+00
6.700034379959106445e+00
6.856495618820190430e+00
7.033484458923339844e+00
7.211995124816894531e+00
7.389018774032592773e+00
7.549785852432250977e+00
7.713859081268310547e+00
7.901037216186523438e+00
8.069178104400634766e+00
8.304272890090942383e+00
8.486440896987915039e+00
8.664736270904541016e+00
8.833858013153076172e+00
8.979658126831054688e+00
9.148071289062500000e+00
9.301666021347045898e+00
9.460238933563232422e+00
9.622134447097778320e+00
9.795366764068603516e+00
9.951686382293701172e+00
1.007806134223937988e+01
1.023679423332214355e+01
1.038398432731628418e+01
1.052165555953979492e+01
1.063705277442932129e+01
1.080641150474548340e+01
1.098048138618469238e+01
1.117447566986083984e+01
1.140984892845153809e+01
1.163551187515258789e+01
1.186439824104309082e+01
1.198544096946716309e+01
1.212132525444030762e+01
1.226969289779663086e+01
1.241580891609191895e+01
1.253556871414184570e+01
1.264575791358947754e+01
1.281063246726989746e+01
1.293264627456665039e+01
1.313421416282653809e+01
1.326687002182006836e+01
1.339873409271240234e+01
1.352696871757507324e+01
1.367304515838623047e+01
1.380859398841857910e+01
1.397444248199462891e+01
1.417612910270690918e+01
1.435698008537292480e+01
1.453917098045349121e+01
1.470050334930419922e+01
1.487648272514343262e+01
1.505069398880004883e+01
1.519878482818603516e+01
1.539287042617797852e+01
1.553711605072021484e+01
1.565577864646911621e+01
1.579228353500366211e+01
1.592661929130554199e+01
1.609262728691101074e+01
1.624266433715820312e+01
1.639633893966674805e+01
