6.089210510253906250e-04
9.408950805664062500e-02
1.679632663726806641e-01
2.568347454071044922e-01
5.283248424530029297e-01
5.672101974487304688e-01
8.449285030364990234e-01
9.295132160186767578e-01
1.033715486526489258e+00
1.313065767288208008e+00
1.384035348892211914e+00
1.427230834960937500e+00
1.608240604400634766e+00
1.879164218902587891e+00
1.933547973632812500e+00
2.040755987167358398e+00
2.196086883544921875e+00
2.305944919586181641e+00
2.436740636825561523e+00
2.538233518600463867e+00
2.679475784301757812e+00
2.787721633911132812e+00
2.902042150497436523e+00
2.976779222488403320e+00
3.190902948379516602e+00
3.269519329071044922e+00
3.520421981811523438e+00
3.617355585098266602e+00
3.695516347885131836e+00
3.820821762084960938e+00
3.958555459976196289e+00
4.063404798507690430e+00
4.183888912200927734e+00
4.286146402359008789e+00
4.426295757293701172e+00
4.552175521850585938e+00
4.673529863357543945e+00
4.800206422805786133e+00
4.949614048004150391e+00
5.076390027999877930e+00
5.172419548034667969e+00
5.247705936431884766e+00
5.336272478103637695e+00
5.428195476531982422e+00
5.666359424591064453e+00
5.913809537887573242e+00
5.950230598449707031e+00
6.147475719451904297e+00
6.231769084930419922e+00
6.438566684722900391e+00
6.688796520233154297e+00
6.748853683471679688e+00
7.029632568359375000e+00
7.049259424209594727e+00
7.254730463027954102e+00
7.519280433654785156e+00
7.629201889038085938e+00
7.720230340957641602e+00
8.017467498779296875e+00
8.109652519226074219e+00
8.218276262283325195e+00
8.365216732025146484e+00
8.497026681900024414e+00
8.586055994033813477e+00
8.700660705566406250e+00
8.788402080535888672e+00
8.894408226013183594e+00
8.981690645217895508e+00
9.107616901397705078e+00
9.224655628204345703e+00
9.358452796936035156e+00
9.423664569854736328e+00
9.520649194717407227e+00
9.627670288085937500e+00
9.745433568954467773e+00
9.887119054794311523e+00
1.001735186576843262e+01
1.010781097412109375e+01
1.023253297805786133e+01
1.029661512374877930e+01
1.039325189590454102e+01
1.049574732780456543e+01
1.062793183326721191e+01
1.068625473976135254e+01
1.092626667022705078e+01
1.104393315315246582e+01
1.115584039688110352e+01
1.127431488037109375e+01
1.137943029403686523e+01
1.150688290596008301e+01
1.162050342559814453e+01
1.169815587997436523e+01
1.180829286575317383e+01
1.194881033897399902e+01
1.204171967506408691e+01
1.215745043754577637e+01
1.225214958190917969e+01
1.235086727142333984e+01
1.243809604644775391e+01
1.253346896171569824e+01
