2.605915069580078125e-04
2.055335044860839844e-02
1.015123844146728516e+00
1.289439439773559570e+00
1.363648653030395508e+00
1.626286983489990234e+00
1.712020158767700195e+00
1.832474946975708008e+00
1.920702934265136719e+00
2.221651554107666016e+00
2.291196346282958984e+00
2.466098546981811523e+00
2.518305063247680664e+00
2.727992534637451172e+00
2.834343194961547852e+00
2.930433750152587891e+00
3.081288099288940430e+00
3.209676980972290039e+00
3.336221456527709961e+00
3.427086114883422852e+00
3.568549394607543945e+00
3.684278964996337891e+00
3.812839269638061523e+00
3.884458065032958984e+00
4.099138498306274414e+00
4.158431768417358398e+00
4.400803327560424805e+00
4.470996379852294922e+00
4.597261905670166016e+00
4.697625160217285156e+00
4.849018335342407227e+00
4.950983762741088867e+00
5.061174869537353516e+00
5.170054912567138672e+00
5.272503376007080078e+00
5.385142564773559570e+00
5.540495872497558594e+00
5.658985137939453125e+00
5.823485136032104492e+00
5.937612056732177734e+00
6.054525136947631836e+00
6.136665821075439453e+00
6.218898296356201172e+00
6.509713172912597656e+00
6.519830226898193359e+00
6.711658477783203125e+00
6.979785680770874023e+00
7.022540092468261719e+00
7.301453828811645508e+00
7.340032577514648438e+00
7.593490362167358398e+00
7.628082036972045898e+00
7.856121540069580078e+00
8.074202299118041992e+00
8.149262666702270508e+00
8.386978387832641602e+00
8.460317850112915039e+00
8.769285917282104492e+00
8.860419034957885742e+00
8.970997810363769531e+00
9.067101240158081055e+00
9.218513727188110352e+00
9.326545238494873047e+00
9.456273555755615234e+00
9.552958250045776367e+00
9.647477149963378906e+00
9.736565828323364258e+00
9.850462913513183594e+00
9.977735519409179688e+00
1.007569551467895508e+01
1.018970966339111328e+01
1.029626584053039551e+01
1.039548492431640625e+01
1.047886133193969727e+01
1.061326003074645996e+01
1.071225118637084961e+01
1.085256481170654297e+01
1.097468161582946777e+01
1.106853675842285156e+01
1.116527700424194336e+01
1.126209855079650879e+01
1.135338091850280762e+01
1.145661211013793945e+01
1.171805715560913086e+01
1.172882819175720215e+01
1.196542406082153320e+01
1.207668423652648926e+01
1.221120953559875488e+01
1.232743096351623535e+01
1.242545723915100098e+01
1.254035544395446777e+01
1.264284062385559082e+01
1.273571825027465820e+01
1.286964893341064453e+01
1.299057793617248535e+01
1.308120751380920410e+01
1.317002511024475098e+01
1.329268097877502441e+01
1.338609862327575684e+01
1.347453498840332031e+01
