2.248287200927734375e-04
1.147127151489257812e-02
7.857263088226318359e-01
8.807048797607421875e-01
9.774570465087890625e-01
1.212621212005615234e+00
1.329758167266845703e+00
1.432677745819091797e+00
1.678047657012939453e+00
1.784172058105468750e+00
1.857995748519897461e+00
2.059932947158813477e+00
2.103137493133544922e+00
2.294668912887573242e+00
2.533857822418212891e+00
2.668195009231567383e+00
2.782824993133544922e+00
2.921598434448242188e+00
3.037628173828125000e+00
3.162461996078491211e+00
3.294354677200317383e+00
3.401554584503173828e+00
3.500183582305908203e+00
3.550300836563110352e+00
3.736287832260131836e+00
3.817109823226928711e+00
3.925166130065917969e+00
4.170495986938476562e+00
4.268583059310913086e+00
4.395866155624389648e+00
4.524038791656494141e+00
4.613698005676269531e+00
4.730308294296264648e+00
4.845783233642578125e+00
4.970709800720214844e+00
5.101786136627197266e+00
5.238419532775878906e+00
5.365338325500488281e+00
5.510506868362426758e+00
5.636431217193603516e+00
5.744681596755981445e+00
5.826248645782470703e+00
5.917447566986083984e+00
6.005785226821899414e+00
6.217817306518554688e+00
6.455546140670776367e+00
6.490536212921142578e+00
6.761638641357421875e+00
6.806638717651367188e+00
7.090460777282714844e+00
7.145265817642211914e+00
7.391383409500122070e+00
7.441313028335571289e+00
7.646079063415527344e+00
7.896570682525634766e+00
7.936537504196166992e+00
8.211591958999633789e+00
8.293362379074096680e+00
8.400607585906982422e+00
8.669304132461547852e+00
8.807290315628051758e+00
8.942034959793090820e+00
9.071865320205688477e+00
9.165758371353149414e+00
9.261712789535522461e+00
9.351824760437011719e+00
9.467384338378906250e+00
9.563474416732788086e+00
9.691252470016479492e+00
9.806034326553344727e+00
9.910246372222900391e+00
1.000860428810119629e+01
1.007018899917602539e+01
1.020522379875183105e+01
1.032442307472229004e+01
1.046319174766540527e+01
1.059036517143249512e+01
1.068146181106567383e+01
1.077414917945861816e+01
1.087238025665283203e+01
1.093938970565795898e+01
1.106921172142028809e+01
1.117175984382629395e+01
1.123242163658142090e+01
1.149259519577026367e+01
1.160707736015319824e+01
1.171607613563537598e+01
1.183687043190002441e+01
1.195323085784912109e+01
1.205229520797729492e+01
1.216914629936218262e+01
1.226936769485473633e+01
1.238839554786682129e+01
1.249812197685241699e+01
1.262033557891845703e+01
1.273304343223571777e+01
1.282280707359313965e+01
1.292151975631713867e+01
1.301560378074645996e+01
1.310576963424682617e+01
