7.290840148925781250e-04
1.295304298400878906e-02
1.196972131729125977e+00
1.289149522781372070e+00
1.391873598098754883e+00
1.615981101989746094e+00
1.699414968490600586e+00
1.981715202331542969e+00
2.066158771514892578e+00
2.155560493469238281e+00
2.400453329086303711e+00
2.419912576675415039e+00
2.608968734741210938e+00
2.822102069854736328e+00
2.897830486297607422e+00
2.985065937042236328e+00
3.127375125885009766e+00
3.236135959625244141e+00
3.399020671844482422e+00
3.488236427307128906e+00
3.631074190139770508e+00
3.746369361877441406e+00
3.872371196746826172e+00
4.042916297912597656e+00
4.095827579498291016e+00
4.367504119873046875e+00
4.385701656341552734e+00
4.626736402511596680e+00
4.726129293441772461e+00
4.879085779190063477e+00
4.982898950576782227e+00
5.087506532669067383e+00
5.202739953994750977e+00
5.301065206527709961e+00
5.427507400512695312e+00
5.569138288497924805e+00
5.690507173538208008e+00
5.819383144378662109e+00
5.963527917861938477e+00
6.113343954086303711e+00
6.201266288757324219e+00
6.314214468002319336e+00
6.406504392623901367e+00
6.488151311874389648e+00
6.722393989562988281e+00
6.772124528884887695e+00
7.020263910293579102e+00
7.084133863449096680e+00
7.376387119293212891e+00
7.417019367218017578e+00
7.665501594543457031e+00
7.700367450714111328e+00
7.929956197738647461e+00
8.210450172424316406e+00
8.288705587387084961e+00
8.369811296463012695e+00
8.622767925262451172e+00
8.715754032135009766e+00
9.009275913238525391e+00
9.103785991668701172e+00
9.249268293380737305e+00
9.381707429885864258e+00
9.513871192932128906e+00
9.606622219085693359e+00
9.689883708953857422e+00
9.777457475662231445e+00
9.885845661163330078e+00
9.999771595001220703e+00
1.009876370429992676e+01
1.024850344657897949e+01
1.035151290893554688e+01
1.044879269599914551e+01
1.051298642158508301e+01
1.064385175704956055e+01
1.073995876312255859e+01
1.090551996231079102e+01
1.100901055335998535e+01
1.113132667541503906e+01
1.122457408905029297e+01
1.132305288314819336e+01
1.139115476608276367e+01
1.152697992324829102e+01
1.163257217407226562e+01
1.170482611656188965e+01
1.194595909118652344e+01
1.205897974967956543e+01
1.216801166534423828e+01
1.229107141494750977e+01
1.240777969360351562e+01
1.252562141418457031e+01
1.263303470611572266e+01
1.274895119667053223e+01
1.284941124916076660e+01
1.296878743171691895e+01
1.309272265434265137e+01
1.319589686393737793e+01
1.332048821449279785e+01
1.340777468681335449e+01
1.350064659118652344e+01
1.361022067070007324e+01
