3.924312895587701746e+02
4.229940574612840010e+02
2.560925265379429447e+02
2.019562046787095824e+02
1.780735539185972129e+02
1.661136802036850213e+02
1.597100107706034464e+02
1.561248777604463385e+02
1.540387325161959211e+02
1.527697505481484086e+02
1.519561121257519289e+02
1.513985530676381472e+02
1.509880160917419403e+02
1.506634036598991315e+02
1.503901283581640484e+02
1.501494273663821559e+02
1.499302523544707810e+02
1.497251375883371338e+02
1.495318621438088087e+02
1.493477825532172005e+02
1.491713580642436909e+02
1.490030012896698395e+02
1.488403938178835801e+02
1.486846010272421381e+02
1.485338510622811725e+02
1.483890612579907895e+02
1.482494353460451180e+02
1.481148216618514653e+02
1.479842007012262854e+02
1.478587438904054352e+02
1.477374425707269552e+02
1.476206023053549643e+02
1.475086055125552775e+02
1.473996661366388707e+02
1.472944599508157921e+02
1.471928722970781394e+02
1.470945056912944437e+02
1.470003284980661533e+02
1.469084388169968634e+02
1.468198827613044841e+02
1.467345589466324327e+02
1.466519390265916627e+02
1.465724981304819039e+02
1.464945644583110322e+02
1.464200507545243113e+02
1.463484366063851780e+02
1.462793429505201175e+02
1.462122545458845764e+02
1.461467958180923006e+02
1.460828829280035279e+02
1.460224986835126515e+02
1.459627774629475994e+02
1.459068467868718244e+02
1.458514870268616903e+02
1.457986818967689828e+02
1.457472101493397929e+02
1.456972885901921018e+02
1.456491058793779416e+02
1.456016721627481729e+02
1.455566766797115861e+02
1.455127731609295552e+02
1.454700197586192303e+02
1.454290624365824556e+02
1.453896005137058012e+02
1.453516273636479639e+02
1.453142268405058246e+02
1.452778809670884925e+02
1.452433018932476614e+02
1.452092809043401473e+02
1.451765948667822386e+02
1.451451761202784496e+02
1.451143032747113182e+02
1.450842685029645054e+02
1.450559745037470520e+02
1.450284488961806630e+02
1.450017516605041692e+02
1.449751000700203747e+02
1.449500512813850150e+02
1.449266022486197585e+02
1.449027082562319606e+02
1.448795679202519864e+02
1.448571791642991116e+02
1.448359603996206033e+02
1.448147100038452777e+02
1.447952815701488021e+02
1.447761155807555724e+02
1.447560733812555327e+02
1.447379711966516140e+02
1.447197687571839424e+02
1.447026021929812885e+02
1.446861114905084378e+02
1.446694562465638398e+02
1.446541921652100768e+02
1.446391812184640457e+02
1.446244225020180352e+02
1.446102738502777640e+02
1.445963152035012058e+02
1.445826063785239057e+02
1.445702226894135833e+02
1.445580872515168949e+02
