1.978874206542968750e-04
5.350756645202636719e-02
1.416776180267333984e-01
2.358145713806152344e-01
4.423451423645019531e-01
5.422904491424560547e-01
6.626045703887939453e-01
7.651283740997314453e-01
8.801627159118652344e-01
9.879558086395263672e-01
1.103218078613281250e+00
1.190453052520751953e+00
1.295674800872802734e+00
1.421189546585083008e+00
1.528055667877197266e+00
1.634447574615478516e+00
1.763506889343261719e+00
1.842674493789672852e+00
1.952835559844970703e+00
2.073585510253906250e+00
2.245852231979370117e+00
2.387233734130859375e+00
2.500833749771118164e+00
2.598643541336059570e+00
2.687293291091918945e+00
2.792372226715087891e+00
2.882704496383666992e+00
2.970174789428710938e+00
3.070526361465454102e+00
3.155453443527221680e+00
3.260999202728271484e+00
3.394687414169311523e+00
3.496325016021728516e+00
3.588696956634521484e+00
3.687960624694824219e+00
3.756402015686035156e+00
3.872765064239501953e+00
3.980476617813110352e+00
4.071679353713989258e+00
4.167326927185058594e+00
4.272830247879028320e+00
4.404029607772827148e+00
4.489095926284790039e+00
4.584575891494750977e+00
4.671135902404785156e+00
4.741288900375366211e+00
4.857241153717041016e+00
4.948767423629760742e+00
5.052276611328125000e+00
5.137974977493286133e+00
5.213334560394287109e+00
5.325923204421997070e+00
5.473238229751586914e+00
5.561612129211425781e+00
5.684349536895751953e+00
5.781339645385742188e+00
5.884577512741088867e+00
5.997707843780517578e+00
6.107765913009643555e+00
6.184077024459838867e+00
6.281894922256469727e+00
6.401601314544677734e+00
6.470723390579223633e+00
6.592673301696777344e+00
6.738622426986694336e+00
6.819614648818969727e+00
6.915092706680297852e+00
7.004245281219482422e+00
7.123665809631347656e+00
7.222535133361816406e+00
7.309291362762451172e+00
7.421209573745727539e+00
7.730362892150878906e+00
7.804350852966308594e+00
7.897553682327270508e+00
7.998198270797729492e+00
8.087383508682250977e+00
8.221270799636840820e+00
8.304360866546630859e+00
8.444405317306518555e+00
8.567384243011474609e+00
8.665241003036499023e+00
8.806046962738037109e+00
8.873274087905883789e+00
8.963501214981079102e+00
9.093162059783935547e+00
9.204857826232910156e+00
9.290410280227661133e+00
9.395614862442016602e+00
9.550338983535766602e+00
9.656508445739746094e+00
9.748788833618164062e+00
9.828459978103637695e+00
9.938158750534057617e+00
1.002277588844299316e+01
1.010376191139221191e+01
1.023312115669250488e+01
1.042830324172973633e+01
1.047863435745239258e+01
1.055760979652404785e+01
