2.245903015136718750e-04
5.314745903015136719e-01
6.195211410522460938e-01
7.286388874053955078e-01
9.440319538116455078e-01
1.038906812667846680e+00
1.159066677093505859e+00
1.299232006072998047e+00
1.376660823822021484e+00
1.501564264297485352e+00
1.588137149810791016e+00
1.666741371154785156e+00
1.805938482284545898e+00
1.916291952133178711e+00
2.050846338272094727e+00
2.143197298049926758e+00
2.238560676574707031e+00
2.339195966720581055e+00
2.443140268325805664e+00
2.556038618087768555e+00
2.676578998565673828e+00
2.895706415176391602e+00
2.952857732772827148e+00
3.073519706726074219e+00
3.175635814666748047e+00
3.282309770584106445e+00
3.370937824249267578e+00
3.469173669815063477e+00
3.562798261642456055e+00
3.683728218078613281e+00
3.764125823974609375e+00
3.852101325988769531e+00
3.954909324645996094e+00
4.040415048599243164e+00
4.146994352340698242e+00
4.260021448135375977e+00
4.343733072280883789e+00
4.454286098480224609e+00
4.564537286758422852e+00
4.662555217742919922e+00
4.755518913269042969e+00
4.912432670593261719e+00
4.973589897155761719e+00
5.075529813766479492e+00
5.155675649642944336e+00
5.236616849899291992e+00
5.343205213546752930e+00
5.450056076049804688e+00
5.543865442276000977e+00
5.638411045074462891e+00
5.711699008941650391e+00
5.813512325286865234e+00
5.963974475860595703e+00
6.064278841018676758e+00
6.182458400726318359e+00
6.279946804046630859e+00
6.370622634887695312e+00
6.498109102249145508e+00
6.582536220550537109e+00
6.689694166183471680e+00
6.753228187561035156e+00
6.900009870529174805e+00
6.971717119216918945e+00
7.117404937744140625e+00
7.262721538543701172e+00
7.350460052490234375e+00
7.448511362075805664e+00
7.539601564407348633e+00
7.648977041244506836e+00
7.742181062698364258e+00
7.831140995025634766e+00
7.935833215713500977e+00
8.234432935714721680e+00
8.333670854568481445e+00
8.422762632369995117e+00
8.522027015686035156e+00
8.610529184341430664e+00
8.747570276260375977e+00
8.827248334884643555e+00
8.981821775436401367e+00
9.095816850662231445e+00
9.154458999633789062e+00
9.275762796401977539e+00
9.374321460723876953e+00
9.436512947082519531e+00
9.585551738739013672e+00
9.694137334823608398e+00
9.783847332000732422e+00
9.882179975509643555e+00
1.002093863487243652e+01
1.015237879753112793e+01
1.028256273269653320e+01
1.035144495964050293e+01
1.045198297500610352e+01
1.054608297348022461e+01
1.060293054580688477e+01
1.075911116600036621e+01
1.088255310058593750e+01
1.097592234611511230e+01
1.105659198760986328e+01
