3.754371592678742218e+03
9.714496143834338682e+01
4.688773768301368250e+01
3.284747477769980861e+01
2.819662553093730750e+01
2.643256091834216193e+01
2.557234307096168280e+01
2.511285540265023286e+01
2.479630282958423493e+01
2.454926800623124450e+01
2.433393316303013876e+01
2.414323145571917451e+01
2.396841027408429881e+01
2.380316999790844079e+01
2.364696626034508853e+01
2.350103688826170156e+01
2.336163300125354780e+01
2.322830620288684145e+01
2.310388417377497561e+01
2.298768961455623128e+01
2.287790135631763278e+01
2.277646416132758489e+01
2.268263948185518686e+01
2.259334016622362995e+01
2.250790685518366274e+01
2.243162703594414609e+01
2.236048431987905261e+01
2.229216842342380289e+01
2.222609141654018572e+01
2.216370667937754035e+01
2.210487723624094514e+01
2.204954639803781546e+01
2.199635312822702815e+01
2.194703893305647568e+01
2.190151391126058655e+01
2.186052805246624686e+01
2.182138012860310994e+01
2.178637478719902276e+01
2.175406348504015241e+01
2.172286670171139278e+01
2.169314818251129395e+01
2.166449400197130970e+01
2.163730880460464334e+01
2.161114768531012587e+01
2.158644733892586487e+01
2.156273472626061150e+01
2.154095292918508164e+01
2.152089692229875340e+01
2.150155334578734312e+01
2.148225943470938049e+01
2.146301481149542312e+01
2.144716843702339304e+01
2.143209098682920910e+01
2.141704504317511848e+01
2.140348857997881638e+01
2.139033296174741849e+01
2.137720227137994300e+01
2.136445152294142957e+01
2.135171553479891671e+01
2.134046432029956719e+01
2.132923227838202962e+01
2.131801931164664765e+01
2.130682532327099921e+01
2.129597901565207252e+01
2.128662293982810638e+01
2.127728107843442729e+01
2.126801625027876241e+01
2.125934909752095336e+01
2.125068879717384362e+01
2.124363757728208668e+01
2.123659606094008367e+01
2.122956421481186595e+01
2.122255967670111332e+01
2.121585616105510042e+01
2.120915683071764590e+01
2.120246166801547716e+01
2.119750761199639655e+01
2.119082215898838939e+01
2.118587983881228709e+01
2.118094367831271185e+01
2.117594057175467981e+01
2.117093975459213340e+01
2.116594121951591490e+01
2.116094495923284668e+01
2.115595096646567086e+01
2.115270452117784217e+01
2.114771611575412891e+01
2.114447659299894156e+01
2.114124065879000369e+01
2.113800830624773752e+01
2.113294266529457133e+01
2.112962519729750355e+01
2.112630871434722835e+01
2.112299321432632127e+01
2.111967869512042029e+01
2.111636515461819386e+01
2.111305259071133733e+01
2.111149392408028547e+01
2.110818402532892080e+01
2.110487509712335097e+01
