5.795846510131866580e+02
9.814381005629806509e+01
4.502381651422892617e+01
2.983862916305184498e+01
2.507380862867366744e+01
2.330897047583236770e+01
2.250328721668351761e+01
2.200423449637269968e+01
2.166080909874933980e+01
2.140590565004201906e+01
2.119830580853365021e+01
2.103165710834432645e+01
2.088950388477423203e+01
2.076190738294354077e+01
2.064680189555168610e+01
2.054123107720302244e+01
2.044029969735812813e+01
2.034671911090590868e+01
2.025832311623801019e+01
2.017278912393282297e+01
2.009114521701167888e+01
2.001330429830267121e+01
1.993918503231139638e+01
1.986751826102699425e+01
1.979755407887336816e+01
1.973113632464580647e+01
1.966974898533543836e+01
1.961757359071466666e+01
1.956874990181591656e+01
1.952462374081946450e+01
1.948302982137528261e+01
1.944524193960237213e+01
1.940978783352020542e+01
1.937657614748444246e+01
1.934405363450885673e+01
1.931530753582178761e+01
1.928952335195516810e+01
1.926468156772008200e+01
1.924080574531549814e+01
1.921836272994848471e+01
1.919895600591937779e+01
1.918169052498019056e+01
1.916517069394400963e+01
1.914938170848940402e+01
1.913511060141642162e+01
1.912175365690144702e+01
1.910843073927780011e+01
1.909595695667802318e+01
1.908398138485922146e+01
1.907203361562914523e+01
1.906129702010330362e+01
1.905261757118736199e+01
1.904456549194935988e+01
1.903663052544975542e+01
1.902933053770075134e+01
1.902237445502035484e+01
1.901543086212350886e+01
1.900969591268932390e+01
1.900415563071935665e+01
1.899882984991340606e+01
1.899366796528505574e+01
1.898884685352885526e+01
1.898403640878370169e+01
1.897993744316876175e+01
1.897594519124614720e+01
1.897220857823570128e+01
1.896848008502693972e+01
1.896558086611027960e+01
1.896303727421737761e+01
1.896009924096795984e+01
1.895716693935992225e+01
1.895424035255719275e+01
1.895131946378751309e+01
1.894935058345421197e+01
1.894738518135520877e+01
1.894542324980690751e+01
1.894301023390222483e+01
1.894105525748010876e+01
1.893864939298468286e+01
1.893634486212004475e+01
1.893532998859444660e+01
1.893431664811037862e+01
1.893330483801239694e+01
1.893229455565088415e+01
1.893132969511399111e+01
1.893039424973114393e+01
1.892978760553745587e+01
1.892885444199923839e+01
1.892792243708646538e+01
1.892699158846781415e+01
1.892691774010658889e+01
1.892651678757995626e+01
1.892611636336023651e+01
1.892571646679043340e+01
1.892531709721454547e+01
1.892491825397758376e+01
1.892451993642553276e+01
1.892379408346175751e+01
1.892339676178751517e+01
1.892299996381575511e+01
