1.172303115982039799e+03
1.135918610524087171e+02
5.767702198649079293e+01
4.006538460810808289e+01
3.273570092147154753e+01
2.929091895930850598e+01
2.752826680973235085e+01
2.656926058291297110e+01
2.595947342752310405e+01
2.552489246959572355e+01
2.518602328863218531e+01
2.490872948422784816e+01
2.466538943968419062e+01
2.444310150745231169e+01
2.424109392057214052e+01
2.405867661449416062e+01
2.388397945461376892e+01
2.371673403035131855e+01
2.355862764928541253e+01
2.341846691984074980e+01
2.328491284554619511e+01
2.316492828847713881e+01
2.305679024637498031e+01
2.295697566845435134e+01
2.285483901070294976e+01
2.275912063778388372e+01
2.266927571281144083e+01
2.258792447203386189e+01
2.250356968855198403e+01
2.242714101947982286e+01
2.235477511073721502e+01
2.228637263655579659e+01
2.221868678108507211e+01
2.215578574258788791e+01
2.209335085841242829e+01
2.203454676516164312e+01
2.197755311551155799e+01
2.192961275729636483e+01
2.187918700993543553e+01
2.183805191327351025e+01
2.179362093495605635e+01
2.175610274563903701e+01
2.171474404914528833e+01
2.168022097376538682e+01
2.164182269616883048e+01
2.161018994706760310e+01
2.157872070248980734e+01
2.154334492027280845e+01
2.151465528265462979e+01
2.148609869320544163e+01
2.145767448895266938e+01
2.143271552867306440e+01
2.140815030175714639e+01
2.138445589885221665e+01
2.135716770342541793e+01
2.133602285215177830e+01
2.131495684396978163e+01
2.129999324569920560e+01
2.128509024290466556e+01
2.126635464412271048e+01
2.124767860844333001e+01
2.122906192280625248e+01
2.121050437529736143e+01
2.119798052799514920e+01
2.118160792423667615e+01
2.116527845543996733e+01
2.114899198796760160e+01
2.113869527297774908e+01
2.112842859082156366e+01
2.111459626093910913e+01
2.110115111963271772e+01
2.108773474444393869e+01
2.107434705939429165e+01
2.106670448776607074e+01
2.105908047026215257e+01
2.105147497547001123e+01
2.104007726094338082e+01
2.103250800031031176e+01
2.102114634992498310e+01
2.100980298138513191e+01
2.100416461462809892e+01
2.099853656048407302e+01
2.099291880599100324e+01
2.098731133821891959e+01
2.098171414426987624e+01
2.097231504937739288e+01
2.096673780910357010e+01
2.095735886595891628e+01
2.094799036450526586e+01
2.093863228744343274e+01
2.093915348959039591e+01
2.093567186596990837e+01
2.093219484965900534e+01
2.092872243696630363e+01
2.092525462420666216e+01
2.092179140770115708e+01
2.091833278377701433e+01
2.091083522728822430e+01
2.090738530147065433e+01
2.090393995632305746e+01
