1.811981201171875000e-04
2.152295112609863281e-01
4.193949699401855469e-01
5.975694656372070312e-01
7.593841552734375000e-01
8.972294330596923828e-01
1.055580854415893555e+00
1.225533485412597656e+00
1.435862064361572266e+00
1.632617950439453125e+00
1.808580875396728516e+00
2.048564672470092773e+00
2.274547100067138672e+00
2.607877731323242188e+00
2.821263313293457031e+00
2.949911594390869141e+00
3.107551574707031250e+00
3.242199420928955078e+00
3.408891916275024414e+00
3.555321455001831055e+00
3.709324836730957031e+00
3.853972911834716797e+00
4.006538867950439453e+00
4.157888174057006836e+00
4.325348615646362305e+00
4.435514211654663086e+00
4.563825845718383789e+00
4.705714225769042969e+00
4.873911142349243164e+00
5.065020084381103516e+00
5.283503293991088867e+00
5.529609203338623047e+00
5.718330860137939453e+00
5.857750177383422852e+00
6.017989397048950195e+00
6.180943727493286133e+00
6.418709516525268555e+00
6.579356193542480469e+00
6.716005325317382812e+00
6.867217302322387695e+00
7.029527425765991211e+00
7.201136112213134766e+00
7.372078180313110352e+00
7.547302246093750000e+00
7.723015785217285156e+00
7.885220527648925781e+00
8.057186603546142578e+00
8.232027769088745117e+00
8.459538459777832031e+00
8.644120931625366211e+00
8.833305120468139648e+00
8.993005037307739258e+00
9.148398637771606445e+00
9.296323776245117188e+00
9.465430974960327148e+00
9.625705718994140625e+00
9.791751146316528320e+00
9.958800077438354492e+00
1.013030028343200684e+01
1.025450372695922852e+01
1.041550517082214355e+01
1.054745411872863770e+01
1.069358396530151367e+01
1.080793404579162598e+01
1.096159791946411133e+01
1.115379095077514648e+01
1.133607673645019531e+01
1.155490422248840332e+01
1.179954075813293457e+01
1.203146862983703613e+01
1.215505361557006836e+01
1.227290606498718262e+01
1.242965912818908691e+01
1.257924222946166992e+01
1.270247220993041992e+01
1.282107782363891602e+01
1.297561860084533691e+01
1.310080599784851074e+01
1.328241038322448730e+01
1.343232679367065430e+01
1.357086157798767090e+01
1.370583677291870117e+01
1.384618401527404785e+01
1.398102402687072754e+01
1.413683843612670898e+01
1.433951973915100098e+01
1.452713084220886230e+01
1.470235061645507812e+01
1.487008047103881836e+01
1.503682279586791992e+01
1.521773028373718262e+01
1.537401747703552246e+01
1.556867694854736328e+01
1.570226621627807617e+01
1.583080959320068359e+01
1.595171737670898438e+01
1.610041856765747070e+01
1.626069879531860352e+01
1.640480589866638184e+01
1.655349421501159668e+01
