3.702640533447265625e-04
2.310740947723388672e-01
4.256033897399902344e-01
5.972828865051269531e-01
7.604420185089111328e-01
8.937993049621582031e-01
1.044738292694091797e+00
1.231957912445068359e+00
1.433369398117065430e+00
1.639203310012817383e+00
1.807877063751220703e+00
2.028552055358886719e+00
2.331531286239624023e+00
2.609715938568115234e+00
2.782782554626464844e+00
2.985556602478027344e+00
3.127090215682983398e+00
3.282585620880126953e+00
3.436455726623535156e+00
3.613887786865234375e+00
3.737331867218017578e+00
3.884438753128051758e+00
4.029922962188720703e+00
4.169003963470458984e+00
4.322755575180053711e+00
4.463275909423828125e+00
4.584450244903564453e+00
4.715501308441162109e+00
4.882886886596679688e+00
5.072582244873046875e+00
5.268505334854125977e+00
5.540402650833129883e+00
5.728648900985717773e+00
5.867878437042236328e+00
6.031696557998657227e+00
6.195968866348266602e+00
6.424792289733886719e+00
6.589021205902099609e+00
6.740701436996459961e+00
6.903956174850463867e+00
7.056751966476440430e+00
7.222211360931396484e+00
7.386590003967285156e+00
7.570472478866577148e+00
7.701047897338867188e+00
7.882143735885620117e+00
8.087044715881347656e+00
8.240606307983398438e+00
8.459544897079467773e+00
8.653622150421142578e+00
8.841813802719116211e+00
9.002360582351684570e+00
9.156825542449951172e+00
9.302440881729125977e+00
9.473859310150146484e+00
9.634348392486572266e+00
9.799912929534912109e+00
9.968580007553100586e+00
1.013760972023010254e+01
1.027705550193786621e+01
1.043376803398132324e+01
1.057089185714721680e+01
1.071321511268615723e+01
1.082866692543029785e+01
1.099316954612731934e+01
1.116036963462829590e+01
1.134475040435791016e+01
1.156254434585571289e+01
1.180896663665771484e+01
1.205335903167724609e+01
1.217709612846374512e+01
1.228378248214721680e+01
1.243919563293457031e+01
1.258987545967102051e+01
1.271620464324951172e+01
1.283723688125610352e+01
1.299676656723022461e+01
1.312051773071289062e+01
1.328118777275085449e+01
1.343949770927429199e+01
1.356373405456542969e+01
1.369758105278015137e+01
1.384116554260253906e+01
1.396963500976562500e+01
1.414610123634338379e+01
1.434796857833862305e+01
1.453338766098022461e+01
1.471177411079406738e+01
1.487769651412963867e+01
1.504324483871459961e+01
1.521677374839782715e+01
1.538766980171203613e+01
1.557642555236816406e+01
1.570918273925781250e+01
1.583949565887451172e+01
1.596470355987548828e+01
1.609873151779174805e+01
1.625039124488830566e+01
1.640955471992492676e+01
1.656275749206542969e+01
