2.356838625385901764e+02
7.480292451698552725e+01
8.551846391982506645e+01
9.188593387007857416e+01
9.191586187560784538e+01
9.352874710726428020e+01
9.353965037142384631e+01
9.420129730100121890e+01
9.420632683741965252e+01
9.452980147454616144e+01
9.453238490969687291e+01
9.470553208193496175e+01
9.470695362026840769e+01
9.480540286661310745e+01
9.480622973379917084e+01
9.486527240314218545e+01
9.486577944261773609e+01
9.490329917613136956e+01
9.490361124370103596e+01
9.492905625390221758e+01
9.492925860812036376e+01
9.494779537585178275e+01
9.494794539733294414e+01
9.496242408845853333e+01
9.496253695291530050e+01
9.497455745882069778e+01
9.497465962002279127e+01
9.498512414435825235e+01
9.498522290696192272e+01
9.499466626559568283e+01
9.499473839572787881e+01
9.500345739244204424e+01
9.500352865100124689e+01
9.501171026571186928e+01
9.501177364217699051e+01
9.501950165089461109e+01
9.501956217370121749e+01
9.502690225857517703e+01
9.502697819485301522e+01
9.503398633838564535e+01
9.503405251252893038e+01
9.504076163061861848e+01
9.504081815040620995e+01
9.504723819558142850e+01
9.504730115620378683e+01
9.505345936334319390e+01
9.505352175602425291e+01
9.505943757680879003e+01
9.505947273424540356e+01
9.506517204044341440e+01
9.506521194147217102e+01
9.507067933918909830e+01
9.507070819953156615e+01
9.507597375238123050e+01
9.507599349243555764e+01
9.508104292172014027e+01
9.508108695054502846e+01
9.508594062426932680e+01
9.508598433278054074e+01
9.509067279520962757e+01
9.509070747083106312e+01
9.509519969162110442e+01
9.509523409627971091e+01
9.509955822801288150e+01
9.509959237212328276e+01
9.510376920752021590e+01
9.510380310088912381e+01
9.510780087328487298e+01
9.510783452560590945e+01
9.511169613957243030e+01
9.511172094890666528e+01
9.511545078524625296e+01
9.511548398200341126e+01
9.511907920551442430e+01
9.511911218692478087e+01
9.512256981276945567e+01
9.512259403431541216e+01
9.512593343647142774e+01
9.512595747622398790e+01
9.512917375771233708e+01
9.512919762230654896e+01
9.513229582669599438e+01
9.513231952237003952e+01
9.513531544244170846e+01
9.513533897532752803e+01
9.513822338666014389e+01
9.513824676250868606e+01
9.514102127020781552e+01
9.514107683447258523e+01
9.514373742339243734e+01
9.514377591747953034e+01
9.514635631492052426e+01
9.514638622693819059e+01
9.514888914832280875e+01
9.514891051032232383e+01
9.515130782819196043e+01
9.515134301682763862e+01
9.515367501565656028e+01
9.515369614266045062e+01
9.515594849730069882e+01
