6.231755189823327328e+02
1.122171027151715919e+02
8.530472200621474599e+01
9.179321915988955993e+01
9.182360565677947761e+01
9.346118836868421909e+01
9.347224646981159424e+01
9.414396810751055966e+01
9.414907079403525358e+01
9.447795243073292681e+01
9.448057757877330687e+01
9.465717396013752705e+01
9.465862266549180504e+01
9.475957481024467199e+01
9.476042187857893850e+01
9.482146530894502234e+01
9.482198861430077841e+01
9.486122123928420535e+01
9.486154711383792915e+01
9.488852598694145968e+01
9.488873984872887490e+01
9.490868865543437494e+01
9.490884947583487019e+01
9.492464953711434816e+01
9.492477224867486996e+01
9.493804141130567587e+01
9.493815295727377190e+01
9.494980439457906130e+01
9.494991194185479344e+01
9.496048764659059316e+01
9.496056803653738143e+01
9.497036931787606306e+01
9.497044872629658130e+01
9.497966595317612359e+01
9.497973754454774564e+01
9.498845791549211981e+01
9.498852612554895813e+01
9.499681838235807163e+01
9.499690200614368507e+01
9.500482326214621764e+01
9.500489678429799767e+01
9.501248289918856926e+01
9.501254644165003072e+01
9.501980883465698469e+01
9.501987857578222929e+01
9.502684633670614289e+01
9.502691544300633097e+01
9.503360994451014676e+01
9.503365104992239765e+01
9.504009982551923486e+01
9.504014504614693237e+01
9.504633393482245651e+01
9.504636744266376525e+01
9.505232745142285466e+01
9.505235158101062609e+01
9.505806996649005214e+01
9.505811861629949533e+01
9.506361634461808308e+01
9.506366463816917189e+01
9.506897341535966461e+01
9.506901242887883541e+01
9.507410258867024311e+01
9.507414130154306520e+01
9.507904167974589882e+01
9.507908010373718355e+01
9.508381230677980511e+01
9.508385045295314342e+01
9.508838398580648743e+01
9.508842186508888972e+01
9.509280022232356089e+01
9.509282903496512063e+01
9.509705728981981565e+01
9.509709466517335841e+01
9.510117082908217867e+01
9.510120796644403640e+01
9.510512988403357326e+01
9.510515804799493367e+01
9.510894572877721487e+01
9.510897369236698751e+01
9.511262265194385179e+01
9.511265042258980884e+01
9.511616666372214013e+01
9.511619424840455395e+01
9.511959339236557298e+01
9.511962079792584746e+01
9.512289491313094913e+01
9.512292214599305851e+01
9.512607300964667445e+01
9.512613276977278076e+01
9.512915707658802944e+01
9.512919938989961111e+01
9.513213136737572029e+01
9.513216490604199294e+01
9.513500776454802121e+01
9.513503256443581790e+01
9.513775868971019634e+01
9.513779692876848060e+01
9.514044686785547356e+01
9.514047140992954610e+01
9.514303095965735224e+01
