4.199954869982578884e+02
3.613383460665447274e+03
6.209340643586637043e+02
3.059660207013685636e+02
3.044773694089184346e+02
2.242491901961215035e+02
2.237059288153438956e+02
1.907892974571493028e+02
1.905388220913846453e+02
1.744815356017943486e+02
1.743531829572588094e+02
1.657990445653634879e+02
1.657287284671542977e+02
1.609047992653240158e+02
1.608642216063853425e+02
1.580078354509211636e+02
1.579832370275856590e+02
1.562003694450440889e+02
1.561855071054379778e+02
1.550035094260775850e+02
1.549940577937659896e+02
1.541605304194040684e+02
1.541537628539637694e+02
1.535222091837772496e+02
1.535172498838891784e+02
1.530044474048384302e+02
1.529999930756565618e+02
1.525610602241184210e+02
1.525567299847768368e+02
1.521651204618069642e+02
1.521620984004539423e+02
1.518031279770838182e+02
1.518001398909027557e+02
1.514646066631871690e+02
1.514620214129523674e+02
1.511459579063548517e+02
1.511434753140086116e+02
1.508438025154621300e+02
1.508405368092201684e+02
1.505545198030606286e+02
1.505517216260832924e+02
1.502779319753392144e+02
1.502755970677827975e+02
1.500136574126472908e+02
1.500109762264090705e+02
1.497596615545283498e+02
1.497570026847886027e+02
1.495154863711485689e+02
1.495141493820700020e+02
1.492812589064602946e+02
1.492796332864482451e+02
1.490562549497659290e+02
1.490551378516404384e+02
1.488398313786020140e+02
1.488391564676741154e+02
1.486327724259995193e+02
1.486308825748598110e+02
1.484324449689901542e+02
1.484305677767605118e+02
1.482386260029030609e+02
1.482371875672530450e+02
1.480534260516516838e+02
1.480519983239623514e+02
1.478750508207931773e+02
1.478736333974659374e+02
1.477025157815066905e+02
1.477011082824931236e+02
1.475375330457279688e+02
1.475361350934769007e+02
1.473779796635373600e+02
1.473770128871252894e+02
1.472241142341624709e+02
1.472227343436992442e+02
1.470753056846763798e+02
1.470739343407375088e+02
1.469321946000039816e+02
1.469312511080594845e+02
1.467942715161520368e+02
1.467933352349892857e+02
1.466614005785344830e+02
1.466604712491466955e+02
1.465334012922735099e+02
1.465324786709812486e+02
1.464094670272245935e+02
1.464085508740303112e+02
1.462901633253234195e+02
1.462892534151365567e+02
1.461754263760468575e+02
1.461729087561422489e+02
1.460639013783882092e+02
1.460622214957965070e+02
1.459563650348583508e+02
1.459551058829931662e+02
1.458523024343389807e+02
1.458514627194021500e+02
1.457531782795754793e+02
1.457516101125657997e+02
1.456558259208243555e+02
1.456549955746643548e+02
1.455624500435921220e+02
