2.025636986180739768e+03
1.233935595512662502e+02
6.284990131855821573e+02
3.090567402754121531e+02
3.075543711210058291e+02
2.265873693068225521e+02
2.260397376348907983e+02
1.928228577522340004e+02
1.925703018791683405e+02
1.763974418809270617e+02
1.762682420338943530e+02
1.676236859212356194e+02
1.675526868445579396e+02
1.626494807251235102e+02
1.626082795443634836e+02
1.596786510653190021e+02
1.596534708783703422e+02
1.578013650906786438e+02
1.577859495773037679e+02
1.565397499973163917e+02
1.565298763620079683e+02
1.556341091310200113e+02
1.556268432218964222e+02
1.549323292942506498e+02
1.549269035404135195e+02
1.543537903484324261e+02
1.543488889975793086e+02
1.538521724655823277e+02
1.538474257075426976e+02
1.534004496337489627e+02
1.533970255239416360e+02
1.529850153797838743e+02
1.529816309216589616e+02
1.525952974459377742e+02
1.525923085820650442e+02
1.522275422311603847e+02
1.522246828351743773e+02
1.518782727800487464e+02
1.518746384487100443e+02
1.515438155382895786e+02
1.515406619526688701e+02
1.512238556831198650e+02
1.512211778656017032e+02
1.509179355413696157e+02
1.509149277990431699e+02
1.506239375937810223e+02
1.506209556221051002e+02
1.503412968250490849e+02
1.503396634174949611e+02
1.500700866330963947e+02
1.500682004161043892e+02
1.498095167117886604e+02
1.498081689948120925e+02
1.495589016573753440e+02
1.495580051928929777e+02
1.493189144741708674e+02
1.493168034556650525e+02
1.490868904534746662e+02
1.490847939496580636e+02
1.488625607409464635e+02
1.488609115029436225e+02
1.486479530712473434e+02
1.486463160785579873e+02
1.484412431225354112e+02
1.484396179016823396e+02
1.482414126776162959e+02
1.482397987834141873e+02
1.480500892230718932e+02
1.480484862142857025e+02
1.478651394601736229e+02
1.478639749508500927e+02
1.476867926139561291e+02
1.476852101722007546e+02
1.475143584045804630e+02
1.475127856823111756e+02
1.473484372623562706e+02
1.473472992050317885e+02
1.471885009400930926e+02
1.471873710601506673e+02
1.470343826464828112e+02
1.470332606437521008e+02
1.468858532388534854e+02
1.468847388311346833e+02
1.467421223082172901e+02
1.467410152186028540e+02
1.466036820817555508e+02
1.466025820502203771e+02
1.464704598015950978e+02
1.464677508664557024e+02
1.463410587443181612e+02
1.463391986023313223e+02
1.462162583005990371e+02
1.462148246427581739e+02
1.460955131421519013e+02
1.460945044836956583e+02
1.459802459732796933e+02
1.459785362637987873e+02
1.458673183396333570e+02
1.458663202372410410e+02
1.457588671086942043e+02
