2.112851387588460784e+04
1.879504907468507611e+02
8.547141563558592736e+01
9.188252280254259574e+01
9.191256489282226028e+01
9.353163087749371130e+01
9.354256556002684420e+01
9.420673155588546877e+01
9.421177728014728814e+01
9.453692595789289044e+01
9.453952149545006023e+01
9.471407091664707423e+01
9.471550296507282951e+01
9.481524450850253061e+01
9.481608151502251758e+01
9.487635753379103676e+01
9.487687435624678756e+01
9.491558460474166736e+01
9.491590619417750929e+01
9.494250332587013474e+01
9.494271422735423016e+01
9.496236487467621146e+01
9.496252334895930858e+01
9.497807721100842571e+01
9.497819805299687346e+01
9.499125501131302940e+01
9.499136485731349921e+01
9.500282772534724529e+01
9.500293367450053950e+01
9.501333811422017561e+01
9.501341723346908452e+01
9.502306085584605455e+01
9.502313903113110882e+01
9.503220973013867479e+01
9.503228018513974007e+01
9.504086376803454073e+01
9.504093092121249242e+01
9.504909498273931945e+01
9.504917741085063199e+01
9.505697815572945331e+01
9.505705061675226375e+01
9.506452315764614980e+01
9.506458576975865071e+01
9.507174111914541470e+01
9.507180989041978592e+01
9.507867655755228498e+01
9.507874471639831881e+01
9.508534359283459025e+01
9.508538407628566347e+01
9.509174218019752800e+01
9.509178676785153073e+01
9.509788988187260372e+01
9.509792290658302250e+01
9.510380154150325893e+01
9.510382529958232567e+01
9.510946666180086595e+01
9.510951468935618891e+01
9.511493938789503488e+01
9.511498707103923778e+01
9.512022633897775847e+01
9.512026485029686285e+01
9.512528918672296641e+01
9.512532740752503457e+01
9.513016523788235190e+01
9.513020317946237014e+01
9.513487577885003077e+01
9.513491345182904979e+01
9.513939053093974962e+01
9.513942794582854390e+01
9.514375246293614907e+01
9.514378091372296353e+01
9.514795780582500129e+01
9.514799473322732126e+01
9.515202195286849474e+01
9.515205864996590890e+01
9.515593399120895413e+01
9.515596181501945239e+01
9.515970501580878249e+01
9.515973264587232450e+01
9.516333921064121171e+01
9.516336665410477735e+01
9.516684246470947528e+01
9.516686972829184299e+01
9.517023020047322746e+01
9.517025729075844254e+01
9.517349452147887234e+01
9.517352144465513675e+01
9.517663715278953873e+01
9.517669626782671344e+01
9.517968714176475942e+01
9.517972899635567785e+01
9.518262887272281603e+01
9.518266204766899818e+01
9.518547407013971906e+01
9.518549860052854683e+01
9.518819541034449117e+01
9.518823324443533807e+01
9.519085494071134690e+01
9.519087922138885460e+01
9.519341172299610321e+01
