3.428459167480468750e-04
1.505708694458007812e-02
5.144057273864746094e-01
6.991672515869140625e-01
7.858116626739501953e-01
9.870529174804687500e-01
1.254927635192871094e+00
1.316473245620727539e+00
1.548688888549804688e+00
1.630141496658325195e+00
1.778187751770019531e+00
1.932031869888305664e+00
2.156580209732055664e+00
2.230624198913574219e+00
2.493583679199218750e+00
2.530923843383789062e+00
2.814127445220947266e+00
2.847971916198730469e+00
3.124895572662353516e+00
3.173578023910522461e+00
3.393872499465942383e+00
3.465556859970092773e+00
3.692081689834594727e+00
3.775940656661987305e+00
4.032338380813598633e+00
4.082880735397338867e+00
4.357350826263427734e+00
4.415586233139038086e+00
4.672747373580932617e+00
4.732398509979248047e+00
4.968241691589355469e+00
4.997452497482299805e+00
5.204185962677001953e+00
5.295351743698120117e+00
5.419349431991577148e+00
5.752031087875366211e+00
5.787331104278564453e+00
6.069176673889160156e+00
6.126703977584838867e+00
6.238527297973632812e+00
6.456054449081420898e+00
6.571007490158081055e+00
6.819278478622436523e+00
6.878170013427734375e+00
7.099428653717041016e+00
7.160565137863159180e+00
7.246717453002929688e+00
7.499641180038452148e+00
7.549349546432495117e+00
7.781843423843383789e+00
7.857616186141967773e+00
8.104038000106811523e+00
8.163504600524902344e+00
8.378975391387939453e+00
8.454081535339355469e+00
8.702215671539306641e+00
8.779693126678466797e+00
8.848973751068115234e+00
9.083467245101928711e+00
9.166139125823974609e+00
9.352156877517700195e+00
9.421657800674438477e+00
9.729937553405761719e+00
9.810260534286499023e+00
1.017552995681762695e+01
1.026433062553405762e+01
1.037776660919189453e+01
1.056930446624755859e+01
1.083380150794982910e+01
1.087037396430969238e+01
1.110940098762512207e+01
1.114419269561767578e+01
1.135883426666259766e+01
1.142049956321716309e+01
1.148916506767272949e+01
1.168339848518371582e+01
1.176587152481079102e+01
1.185112905502319336e+01
1.195111060142517090e+01
1.203537154197692871e+01
1.212748408317565918e+01
1.223761725425720215e+01
1.232208251953125000e+01
1.243399858474731445e+01
1.255402660369873047e+01
1.270588731765747070e+01
1.279886317253112793e+01
1.291486263275146484e+01
1.299080705642700195e+01
1.313283729553222656e+01
1.321880221366882324e+01
1.331212234497070312e+01
1.341451764106750488e+01
1.351536011695861816e+01
1.363075041770935059e+01
1.374704432487487793e+01
1.388635039329528809e+01
1.398597311973571777e+01
1.409948229789733887e+01
1.421593570709228516e+01
