4.074573516845703125e-04
2.115106582641601562e-02
1.746461391448974609e-01
3.836183547973632812e-01
4.640977382659912109e-01
5.822203159332275391e-01
7.897067070007324219e-01
8.965017795562744141e-01
1.112434625625610352e+00
1.190969467163085938e+00
1.517949104309082031e+00
1.606520652770996094e+00
1.693526506423950195e+00
1.899981737136840820e+00
1.994678020477294922e+00
2.223141670227050781e+00
2.349397182464599609e+00
2.553804159164428711e+00
2.606163740158081055e+00
2.830667972564697266e+00
3.059052228927612305e+00
3.120814323425292969e+00
3.200263261795043945e+00
3.462950468063354492e+00
3.541396141052246094e+00
3.759591579437255859e+00
3.823647975921630859e+00
4.037719011306762695e+00
4.319864034652709961e+00
4.386099576950073242e+00
4.476834774017333984e+00
4.680365562438964844e+00
4.751208782196044922e+00
4.958648681640625000e+00
5.069122314453125000e+00
5.365367174148559570e+00
5.400180101394653320e+00
5.613654851913452148e+00
5.695003271102905273e+00
5.908943414688110352e+00
6.192942619323730469e+00
6.300285100936889648e+00
6.407597780227661133e+00
6.614786148071289062e+00
6.642982006072998047e+00
6.860753059387207031e+00
6.949540376663208008e+00
7.035322189331054688e+00
7.284909725189208984e+00
7.376008987426757812e+00
7.625143527984619141e+00
7.663332939147949219e+00
7.886423826217651367e+00
7.963449001312255859e+00
8.037131547927856445e+00
8.256246566772460938e+00
8.355281591415405273e+00
8.621432065963745117e+00
8.644491195678710938e+00
8.848885059356689453e+00
8.908679723739624023e+00
9.112062454223632812e+00
9.230236291885375977e+00
9.380018234252929688e+00
9.630818128585815430e+00
9.971344947814941406e+00
1.003326940536499023e+01
1.027540183067321777e+01
1.034269118309020996e+01
1.057523918151855469e+01
1.065641117095947266e+01
1.084245204925537109e+01
1.088321423530578613e+01
1.106843137741088867e+01
1.113015151023864746e+01
1.132364416122436523e+01
1.141021037101745605e+01
1.150206184387207031e+01
1.161019802093505859e+01
1.168659353256225586e+01
1.176920509338378906e+01
1.188405871391296387e+01
1.196784520149230957e+01
1.208821535110473633e+01
1.219816040992736816e+01
1.235324168205261230e+01
1.244158482551574707e+01
1.255613541603088379e+01
1.263375496864318848e+01
1.273548173904418945e+01
1.283165907859802246e+01
1.293212294578552246e+01
1.302084636688232422e+01
1.312490463256835938e+01
1.323838019371032715e+01
1.336690068244934082e+01
1.348187184333801270e+01
1.360301184654235840e+01
1.370559239387512207e+01
1.382016086578369141e+01
