5.855560302734375000e-04
5.568122863769531250e-02
8.937835693359375000e-02
2.738950252532958984e-01
3.551092147827148438e-01
5.785319805145263672e-01
6.807010173797607422e-01
9.236302375793457031e-01
9.842922687530517578e-01
1.258615255355834961e+00
1.376564502716064453e+00
1.488723754882812500e+00
1.684384346008300781e+00
1.778837680816650391e+00
2.006542921066284180e+00
2.084393501281738281e+00
2.325661182403564453e+00
2.396777629852294922e+00
2.581609725952148438e+00
2.808498620986938477e+00
2.871540546417236328e+00
3.085377454757690430e+00
3.205739498138427734e+00
3.270412445068359375e+00
3.515082120895385742e+00
3.603791236877441406e+00
3.810204744338989258e+00
4.102739334106445312e+00
4.148308515548706055e+00
4.273493528366088867e+00
4.495729923248291016e+00
4.553601980209350586e+00
4.737859964370727539e+00
4.840320348739624023e+00
5.083491086959838867e+00
5.161900281906127930e+00
5.446380853652954102e+00
5.507958412170410156e+00
5.776891469955444336e+00
5.849240303039550781e+00
5.939340829849243164e+00
6.188982963562011719e+00
6.304069042205810547e+00
6.504087209701538086e+00
6.563469886779785156e+00
6.751662015914916992e+00
6.845699548721313477e+00
7.081756591796875000e+00
7.140607118606567383e+00
7.282431602478027344e+00
7.509540319442749023e+00
7.588256359100341797e+00
7.803338766098022461e+00
7.861258029937744141e+00
8.090230941772460938e+00
8.142578125000000000e+00
8.369872808456420898e+00
8.444162607192993164e+00
8.679114341735839844e+00
8.738875627517700195e+00
8.967562675476074219e+00
9.014657735824584961e+00
9.114073514938354492e+00
9.498894929885864258e+00
9.640102624893188477e+00
9.778915643692016602e+00
1.008115744590759277e+01
1.011878108978271484e+01
1.036593985557556152e+01
1.041861248016357422e+01
1.062528681755065918e+01
1.068464612960815430e+01
1.091110873222351074e+01
1.094785237312316895e+01
1.117824792861938477e+01
1.123775005340576172e+01
1.131291031837463379e+01
1.138622808456420898e+01
1.150894427299499512e+01
1.158193278312683105e+01
1.166375637054443359e+01
1.179319643974304199e+01
1.186619544029235840e+01
1.196879482269287109e+01
1.209441637992858887e+01
1.225209212303161621e+01
1.234994864463806152e+01
1.243230748176574707e+01
1.254235696792602539e+01
1.261703944206237793e+01
1.274674558639526367e+01
1.284504914283752441e+01
1.293858766555786133e+01
1.303545594215393066e+01
1.314447164535522461e+01
1.328578591346740723e+01
1.337781524658203125e+01
1.351608180999755859e+01
1.361968517303466797e+01
1.372782135009765625e+01
