2.896785736083984375e-04
1.592493057250976562e-02
1.003221273422241211e+00
1.063563346862792969e+00
1.303447008132934570e+00
1.344317436218261719e+00
1.609283685684204102e+00
1.656289339065551758e+00
1.885397195816040039e+00
1.974297523498535156e+00
2.113761663436889648e+00
2.424773216247558594e+00
2.463971138000488281e+00
2.700343370437622070e+00
2.768004894256591797e+00
3.058383464813232422e+00
3.108134269714355469e+00
3.338165998458862305e+00
3.402010202407836914e+00
3.649347305297851562e+00
3.702697277069091797e+00
3.922517061233520508e+00
4.025125265121459961e+00
4.121062278747558594e+00
4.364675760269165039e+00
4.434931516647338867e+00
4.662950277328491211e+00
4.764604330062866211e+00
4.933393716812133789e+00
5.198636770248413086e+00
5.269076108932495117e+00
5.474797487258911133e+00
5.539906024932861328e+00
5.615864753723144531e+00
5.882960319519042969e+00
5.931208848953247070e+00
6.231014728546142578e+00
6.301213264465332031e+00
6.513245105743408203e+00
6.630713224411010742e+00
6.892835617065429688e+00
6.961897134780883789e+00
7.218292713165283203e+00
7.277976751327514648e+00
7.494426965713500977e+00
7.546611547470092773e+00
7.641211271286010742e+00
7.880236864089965820e+00
7.933857440948486328e+00
8.185447216033935547e+00
8.265609979629516602e+00
8.496287584304809570e+00
8.558337211608886719e+00
8.651525974273681641e+00
8.866523981094360352e+00
8.912632465362548828e+00
9.121441841125488281e+00
9.194823503494262695e+00
9.421579122543334961e+00
9.638780117034912109e+00
9.672276735305786133e+00
9.888486146926879883e+00
1.002857184410095215e+01
1.015706872940063477e+01
1.041301584243774414e+01
1.056865286827087402e+01
1.078807353973388672e+01
1.105512452125549316e+01
1.110616707801818848e+01
1.134174132347106934e+01
1.140669798851013184e+01
1.160605216026306152e+01
1.163595104217529297e+01
1.185662794113159180e+01
1.189386034011840820e+01
1.210520148277282715e+01
1.217812323570251465e+01
1.228862571716308594e+01
1.238017892837524414e+01
1.246470355987548828e+01
1.257406163215637207e+01
1.266176939010620117e+01
1.276364040374755859e+01
1.288232326507568359e+01
1.302880859375000000e+01
1.313045597076416016e+01
1.322741627693176270e+01
1.334696674346923828e+01
1.342024040222167969e+01
1.354440402984619141e+01
1.364392828941345215e+01
1.374018430709838867e+01
1.383140897750854492e+01
1.394320154190063477e+01
1.408620071411132812e+01
1.415614390373229980e+01
1.431859946250915527e+01
1.441858744621276855e+01
1.451211977005004883e+01
1.464202499389648438e+01
