5.547299750915078675e+02
9.989443446825643491e+01
3.837444088343945481e+01
2.454875232370668670e+01
3.001018315778001622e+01
2.419338243101226027e+01
2.682532137492118807e+01
2.385565690515664627e+01
2.524670848826010428e+01
2.355113976215631766e+01
2.430555301289457759e+01
2.327241780721637809e+01
2.369020603403709302e+01
2.301298970011596623e+01
2.326099888395815896e+01
2.276991123060047784e+01
2.294102286223497345e+01
2.255911320900430539e+01
2.267865287016540776e+01
2.236403260746416422e+01
2.246367416514120663e+01
2.218929731782524328e+01
2.227284915215723160e+01
2.202196494463878906e+01
2.209092307463222227e+01
2.186894027534431117e+01
2.192862805785692260e+01
2.172714177759804954e+01
2.178088967538221965e+01
2.159987526749724651e+01
2.165122619518136915e+01
2.148743994057633699e+01
2.153394701813318690e+01
2.138550677614419016e+01
2.142983984505809403e+01
2.129155535650090769e+01
2.133288451047748069e+01
2.120104696988419235e+01
2.123944176266588002e+01
2.111137737787770163e+01
2.114946438222078484e+01
2.102699409974106715e+01
2.106302983255159234e+01
2.094910696519775328e+01
2.098446802828696534e+01
2.087413504556005606e+01
2.090919685940938066e+01
2.080960782648502061e+01
2.083916877047562721e+01
2.075469252738862380e+01
2.077951971618369953e+01
2.070400097174936604e+01
2.072554698448873012e+01
2.065480468932789293e+01
2.067617454307605840e+01
2.060918286701730295e+01
2.062974864887838677e+01
2.056533408180885658e+01
2.058576283316331512e+01
2.052541837998118979e+01
2.054207200037874514e+01
2.048356611409115047e+01
2.050010919927903075e+01
2.044453809161354485e+01
2.046202551233916012e+01
2.041045976410703844e+01
2.042444910722207396e+01
2.037489710684328514e+01
2.039048504939089668e+01
2.034543482222409239e+01
2.035931172596289329e+01
2.032481689429728888e+01
2.033373530170922905e+01
2.030399247926317940e+01
2.031210951955716837e+01
2.028683802412460579e+01
2.029308409252231016e+01
2.026990634079322007e+01
2.027612090841562775e+01
2.025578846297876368e+01
2.026197440830755170e+01
2.023958337820472053e+01
2.024573989400700569e+01
2.022617066130891317e+01
2.023230055636168245e+01
2.021066751107567683e+01
2.021676995941410837e+01
2.019793674171243936e+01
2.020130399050739811e+01
2.018311288361689293e+01
2.018860635731304143e+01
2.017104278916105997e+01
2.017381719323211442e+01
2.015901818109927035e+01
2.016177782602588664e+01
2.014490007272929262e+01
2.014978374109564285e+01
2.013351316741172070e+01
2.013838132156163496e+01
2.012275220703809708e+01
