9.701744978474986056e+03
1.498003088957368618e+02
4.389445026336449018e+01
2.798986940147796432e+01
3.453932003570700715e+01
2.759677025546889695e+01
3.072582254005968139e+01
2.722085191419090577e+01
2.886301767420707165e+01
2.686733891815528352e+01
2.776854278438906931e+01
2.653059109253184644e+01
2.705374105442224675e+01
2.621001622190922120e+01
2.654273550698630402e+01
2.591688447953434959e+01
2.614086812721337694e+01
2.564006992528997131e+01
2.580852042893844001e+01
2.537756830067463554e+01
2.552037052166393849e+01
2.513638865224916685e+01
2.525623754384652386e+01
2.490937655725908684e+01
2.500282244045326152e+01
2.470190502660853937e+01
2.478305076074054725e+01
2.450405593811233018e+01
2.458362716325736486e+01
2.431387969026456020e+01
2.439229165085346551e+01
2.413104238269850299e+01
2.420835152316404759e+01
2.395798380938923700e+01
2.403154889312569509e+01
2.380339956104209875e+01
2.387128879922990876e+01
2.365742005079162524e+01
2.371798857613546119e+01
2.352146421375663365e+01
2.357911511586383924e+01
2.339108904495734720e+01
2.344807398486263494e+01
2.326593528012767464e+01
2.332228654136061863e+01
2.314584181887415681e+01
2.320159025581424572e+01
2.303788339811576691e+01
2.309039134924897851e+01
2.293691726250459695e+01
2.298175034023504537e+01
2.284130431136224004e+01
2.288241825619526182e+01
2.274661178463207634e+01
2.278733450623655088e+01
2.265953504414330411e+01
2.269655330844271646e+01
2.258110284752508790e+01
2.261735673144402270e+01
2.250878008493352667e+01
2.253929482152893726e+01
2.243548860289438451e+01
2.246567227931390676e+01
2.236558148970372173e+01
2.239768169629935812e+01
2.230113336500945564e+01
2.232807754533736144e+01
2.223502764878552185e+01
2.226391144723456961e+01
2.217452094797284801e+01
2.220294602244386795e+01
2.212255276884175004e+01
2.214472002352839652e+01
2.206886135141910188e+01
2.209087721850211494e+01
2.201870943463145380e+01
2.203739678604472374e+01
2.197017810065317178e+01
2.198868749958526791e+01
2.192625657469220357e+01
2.194465457415960685e+01
2.188065312155542941e+01
2.189893873411831393e+01
2.183958336793468291e+01
2.185776583118303407e+01
2.179680738535645901e+01
2.181488560354547701e+01
2.175871441061867273e+01
2.177224657331102264e+01
2.171896195485986780e+01
2.173441027948292259e+01
2.168440158973519516e+01
2.169505232474109135e+01
2.165131386107413292e+01
2.166140351729085012e+01
2.161846279003329130e+01
2.162985488319229432e+01
2.159025077034267781e+01
2.160158937678932034e+01
2.156283826370787793e+01
