2.553462982177734375e-04
1.295804977416992188e-01
3.020882606506347656e-01
4.998593330383300781e-01
7.056028842926025391e-01
9.790062904357910156e-01
1.206948518753051758e+00
1.417327642440795898e+00
1.598860979080200195e+00
1.812577009201049805e+00
1.983450651168823242e+00
2.249965429306030273e+00
2.452195644378662109e+00
2.628296613693237305e+00
2.831238269805908203e+00
3.093846797943115234e+00
3.290216207504272461e+00
3.485013246536254883e+00
3.661480188369750977e+00
3.924804210662841797e+00
4.132783412933349609e+00
4.374913215637207031e+00
4.611798524856567383e+00
5.124188423156738281e+00
5.300665140151977539e+00
5.485212087631225586e+00
5.777014970779418945e+00
5.940046787261962891e+00
6.185991764068603516e+00
6.489347457885742188e+00
6.811004161834716797e+00
7.072885513305664062e+00
7.300152778625488281e+00
7.507853746414184570e+00
7.766277074813842773e+00
7.972024679183959961e+00
8.125645875930786133e+00
8.272920846939086914e+00
8.432757377624511719e+00
8.613736629486083984e+00
8.918560981750488281e+00
9.098709106445312500e+00
9.300188064575195312e+00
9.518489599227905273e+00
9.875087022781372070e+00
1.029676675796508789e+01
1.060983490943908691e+01
1.094700574874877930e+01
1.115545296669006348e+01
1.140570521354675293e+01
1.162329435348510742e+01
1.181090116500854492e+01
1.199810218811035156e+01
1.232967615127563477e+01
1.262514829635620117e+01
1.290719628334045410e+01
1.313836598396301270e+01
1.334275007247924805e+01
1.375068092346191406e+01
1.407376837730407715e+01
1.435172748565673828e+01
1.469902420043945312e+01
1.501478123664855957e+01
1.533744740486145020e+01
1.553158712387084961e+01
1.570776581764221191e+01
1.592566418647766113e+01
1.612717413902282715e+01
1.632763767242431641e+01
1.650853657722473145e+01
1.669016742706298828e+01
1.687289571762084961e+01
1.704201650619506836e+01
1.718087506294250488e+01
1.733773231506347656e+01
1.753944826126098633e+01
1.777498650550842285e+01
1.796326780319213867e+01
1.817370057106018066e+01
1.836640095710754395e+01
1.856749272346496582e+01
1.885683059692382812e+01
1.900932097434997559e+01
1.919590997695922852e+01
1.934454059600830078e+01
1.951133441925048828e+01
1.971923661231994629e+01
1.990017080307006836e+01
2.021697878837585449e+01
2.037907528877258301e+01
2.053608751296997070e+01
2.076966762542724609e+01
2.110774517059326172e+01
2.127703785896301270e+01
2.156504201889038086e+01
2.179766893386840820e+01
2.198534202575683594e+01
2.215165352821350098e+01
2.236953353881835938e+01
2.253220033645629883e+01
