3.947136734533305116e+03
1.306125831227485037e+02
6.784899546414502765e+03
5.427960484415501924e+03
6.105827593301386514e+03
5.408210626622627387e+03
5.770113168660406700e+03
5.388516599028842393e+03
5.587937034778547968e+03
5.369630535319116461e+03
5.482399721398865950e+03
5.350713766740995197e+03
5.415934977458400681e+03
5.332520997660610192e+03
5.371101255387260608e+03
5.315268740782634268e+03
5.339436010803541649e+03
5.298647751363748284e+03
5.315215149396846755e+03
5.282624510791732064e+03
5.295353519434749614e+03
5.268186695356673226e+03
5.277924050188263209e+03
5.254269531640118657e+03
5.261059677670165911e+03
5.240846418930202162e+03
5.246521488740159839e+03
5.227892339062286737e+03
5.233471695206579170e+03
5.215383747983377361e+03
5.220871769593226418e+03
5.203298477389504114e+03
5.208699337064113934e+03
5.191615645366868193e+03
5.196933324444520622e+03
5.181286711916886816e+03
5.186333127203773984e+03
5.171310838827157568e+03
5.176099185110979306e+03
5.161488079569506226e+03
5.166213903695896988e+03
5.151994504175288057e+03
5.156660685662668584e+03
5.142814570507662211e+03
5.147423874690707635e+03
5.133933618054357794e+03
5.138488704025415245e+03
5.126113028766911157e+03
5.130616928266637842e+03
5.118563591507485398e+03
5.122078803161942233e+03
5.111273006632252873e+03
5.114584703663413165e+03
5.104073574846768679e+03
5.107346742973253640e+03
5.097116865746339499e+03
5.100353413385601016e+03
5.090392099164513638e+03
5.093593875694577946e+03
5.084662508780764256e+03
5.086909834711352232e+03
5.078227501144359849e+03
5.080445478630887010e+03
5.072001120965650443e+03
5.074964197362220148e+03
5.066747043170315010e+03
5.068771267699565215e+03
5.060775476931254161e+03
5.063548678614357414e+03
5.055764292356727310e+03
5.058515242658914758e+03
5.051705342512846983e+03
5.053530948101121794e+03
5.046917925607291181e+03
5.048725159784476091e+03
5.042300675959597356e+03
5.043962983441357210e+03
5.037722158262597077e+03
5.039369468188542669e+03
5.034076442579223112e+03
5.035709707852972315e+03
5.029692836189940863e+03
5.031312149410028724e+03
5.026233474163110259e+03
5.027839756311495876e+03
5.022032045299831225e+03
5.023625382121707844e+03
5.018746933589472064e+03
5.019440683994220308e+03
5.014716002193913482e+03
5.016170985150449269e+03
5.011594053841468849e+03
5.012155559954526325e+03
5.008494224797384959e+03
5.009047834834561399e+03
5.004645079732692466e+03
5.005962142144853715e+03
5.001696472270867162e+03
5.003006294889265519e+03
4.998766607377755463e+03
