4.691819085568128571e+02
2.792972894750751607e+02
6.521041757595958188e+03
5.222383275346939627e+03
5.873360506367508606e+03
5.206944189637621093e+03
5.554350719304575250e+03
5.191372632950442494e+03
5.382529780978198687e+03
5.176433565831035594e+03
5.284131947277761356e+03
5.161289812907374653e+03
5.223177686958702907e+03
5.146709098220519081e+03
5.182897060383329517e+03
5.132839521463828532e+03
5.155188125455547379e+03
5.119456920527361945e+03
5.134491677060057555e+03
5.106533836252685433e+03
5.117881205576628417e+03
5.095000523051109667e+03
5.103504896097339952e+03
5.083863778776507388e+03
5.089561327637153227e+03
5.073101836601234936e+03
5.077765002605106929e+03
5.062694236461562468e+03
5.067279322853393751e+03
5.052621733841755486e+03
5.057132311051313081e+03
5.042866217333026725e+03
5.047305685586057734e+03
5.033410633996532852e+03
5.037782236237346297e+03
5.025156085436239664e+03
5.029334837129581501e+03
5.017161222431417627e+03
5.021157906564200857e+03
5.009291373881406798e+03
5.013237061948961127e+03
5.001661708863604872e+03
5.005558739648002302e+03
4.994259529473954899e+03
4.998110148650848714e+03
4.987072861558647674e+03
4.990879228299628267e+03
4.980876461496278353e+03
4.984641072246828116e+03
4.974872918060146731e+03
4.977705747532058922e+03
4.969052164398850437e+03
4.971747449498378046e+03
4.963305915797725902e+03
4.965969723009388872e+03
4.957729266498974539e+03
4.960363150849511840e+03
4.952313396576375453e+03
4.954918865374767847e+03
4.947834869449671714e+03
4.949536290689896305e+03
4.942627057666559267e+03
4.944304471696016662e+03
4.937560955331719924e+03
4.940000137555422043e+03
4.933413577653800530e+03
4.934961386951943496e+03
4.928526957232941641e+03
4.930839773897929263e+03
4.924549362010842742e+03
4.926843992151440034e+03
4.921474246260415384e+03
4.922888442530849716e+03
4.917650847390050330e+03
4.919049994155571767e+03
4.913937709439609534e+03
4.915247251443988716e+03
4.910256279946992436e+03
4.911553539253051895e+03
4.907461550547357547e+03
4.908747289547977743e+03
4.903910649219102197e+03
4.905184961278335322e+03
4.901239504444160957e+03
4.902503126124100163e+03
4.897808686767270046e+03
4.899061706212040917e+03
4.895251181643476230e+03
4.895644589320414525e+03
4.891930872239900964e+03
4.893099694699561041e+03
4.889477900816315014e+03
4.889792089666212632e+03
4.887043079618184493e+03
4.887350760565216660e+03
4.883842518932953681e+03
4.884927512075682898e+03
4.881502429344052871e+03
4.882581490077106537e+03
4.879177716519596288e+03
