1.098885125719040389e+03
9.647978797246609872e+01
3.654129651857022054e+01
2.373868350054675957e+01
2.897007538603540411e+01
2.350210810879737977e+01
2.598787814171624788e+01
2.327372776717933789e+01
2.452412318789495060e+01
2.305921976247041272e+01
2.374801593757042895e+01
2.285345533802315288e+01
2.324654097507912098e+01
2.265507517823580486e+01
2.289891847844451078e+01
2.248068536315204824e+01
2.262979886717451805e+01
2.232527467216558392e+01
2.243430772053137545e+01
2.217662744780668049e+01
2.226628078400030830e+01
2.204527525397780963e+01
2.211269954366154877e+01
2.193357457461845428e+01
2.198288413580897327e+01
2.182737768616836149e+01
2.186994232049043774e+01
2.172625943488483102e+01
2.176753566835132148e+01
2.163374533977573577e+01
2.167287648795417354e+01
2.154414199962531384e+01
2.158289217227977019e+01
2.146204776286165128e+01
2.149808006013113015e+01
2.139559455899365759e+01
2.142524182245578857e+01
2.133396421238755991e+01
2.136195412370190638e+01
2.127519809423162656e+01
2.130163048576337204e+01
2.121943040514136669e+01
2.124561351755785665e+01
2.116535665638664909e+01
2.119135807839036545e+01
2.111293938712156759e+01
2.113876582703819906e+01
2.106835573850872478e+01
2.109114052730924271e+01
2.103070008064282703e+01
2.104735239946099057e+01
2.099667714690248133e+01
2.101185670990872367e+01
2.096286403240889129e+01
2.097795279742339858e+01
2.093014518223014875e+01
2.094514671581645970e+01
2.089980657946601639e+01
2.091401758517734777e+01
2.087312515710056715e+01
2.088395685115160916e+01
2.084413644104847663e+01
2.085492925390032326e+01
2.082084716644944677e+01
2.083170685646654974e+01
2.080104036705379400e+01
2.080882237266782653e+01
2.077923839599288414e+01
2.078908242753293223e+01
2.076268927735017655e+01
2.077163181319266272e+01
2.074902069912252500e+01
2.075513184094099017e+01
2.073401829322047263e+01
2.073919554590967351e+01
2.072277966118202031e+01
2.072670132056658687e+01
2.071211360991197736e+01
2.071572759911553163e+01
2.070607933366070341e+01
2.070831349015051615e+01
2.070148207084530156e+01
2.070279435008912827e+01
2.069901203031407633e+01
2.070031861350703650e+01
2.069473555820783162e+01
2.069603615559126553e+01
2.069221707419113798e+01
2.069176809348216040e+01
2.068789227641163109e+01
2.068925697470780989e+01
2.068616070989590128e+01
2.068494032677027405e+01
2.068616469848602790e+01
2.068490036129385601e+01
2.068439807372817185e+01
2.068490287639846770e+01
2.068414515877749693e+01
2.068465060938915201e+01
2.068469161731543693e+01
