1.549720764160156250e-04
2.801585197448730469e-02
1.035807609558105469e+00
1.244573593139648438e+00
1.425580978393554688e+00
1.684743642807006836e+00
1.937763690948486328e+00
2.140982389450073242e+00
2.338150501251220703e+00
2.550497055053710938e+00
2.721347808837890625e+00
2.985354900360107422e+00
3.176818370819091797e+00
3.378387689590454102e+00
3.577390432357788086e+00
3.830684661865234375e+00
4.017034053802490234e+00
4.217272996902465820e+00
4.404495716094970703e+00
4.636061668395996094e+00
4.868898868560791016e+00
5.085098505020141602e+00
5.314768075942993164e+00
5.808855533599853516e+00
6.037240028381347656e+00
6.232350349426269531e+00
6.458461999893188477e+00
6.690761327743530273e+00
6.901739835739135742e+00
7.210072517395019531e+00
7.451947689056396484e+00
7.813405513763427734e+00
8.032549142837524414e+00
8.252673864364624023e+00
8.465163707733154297e+00
8.712006330490112305e+00
8.883853912353515625e+00
9.033504724502563477e+00
9.166542291641235352e+00
9.350736618041992188e+00
9.641917943954467773e+00
9.845151662826538086e+00
1.003278589248657227e+01
1.024966955184936523e+01
1.053473711013793945e+01
1.093490982055664062e+01
1.128536701202392578e+01
1.166486287117004395e+01
1.190114021301269531e+01
1.210709786415100098e+01
1.235646057128906250e+01
1.255286884307861328e+01
1.272307753562927246e+01
1.302879238128662109e+01
1.333925914764404297e+01
1.364199852943420410e+01
1.387759828567504883e+01
1.406041288375854492e+01
1.430288290977478027e+01
1.473895478248596191e+01
1.504218626022338867e+01
1.538358736038208008e+01
1.570880150794982910e+01
1.596775054931640625e+01
1.626184749603271484e+01
1.642309165000915527e+01
1.665746951103210449e+01
1.685275435447692871e+01
1.705398893356323242e+01
1.725556969642639160e+01
1.742586898803710938e+01
1.760025453567504883e+01
1.778148055076599121e+01
1.793221044540405273e+01
1.808878421783447266e+01
1.827696132659912109e+01
1.848308348655700684e+01
1.871667861938476562e+01
1.889742350578308105e+01
1.908463478088378906e+01
1.929712343215942383e+01
1.946721744537353516e+01
1.975003480911254883e+01
1.995629119873046875e+01
2.009100508689880371e+01
2.026686882972717285e+01
2.042590093612670898e+01
2.064593315124511719e+01
2.095016837120056152e+01
2.112457370758056641e+01
2.127868294715881348e+01
2.146745634078979492e+01
2.181407856941223145e+01
2.202514743804931641e+01
2.220197939872741699e+01
2.253558635711669922e+01
2.272324061393737793e+01
2.290479874610900879e+01
2.309981870651245117e+01
2.327119684219360352e+01
