5.636215209960937500e-04
9.350848197937011719e-02
8.003015518188476562e-01
9.986305236816406250e-01
1.243793010711669922e+00
1.489798069000244141e+00
1.715772151947021484e+00
1.920791625976562500e+00
2.091948270797729492e+00
2.309678316116333008e+00
2.480344295501708984e+00
2.759275913238525391e+00
2.947082281112670898e+00
3.119794845581054688e+00
3.404278516769409180e+00
3.599714517593383789e+00
3.788855791091918945e+00
3.985744476318359375e+00
4.203477859497070312e+00
4.432150602340698242e+00
4.643632173538208008e+00
4.873044013977050781e+00
5.215063095092773438e+00
5.621864318847656250e+00
5.829403400421142578e+00
6.019515037536621094e+00
6.276247262954711914e+00
6.441132307052612305e+00
6.726200103759765625e+00
7.009283065795898438e+00
7.341728687286376953e+00
7.593116760253906250e+00
7.810929775238037109e+00
8.016461610794067383e+00
8.263003826141357422e+00
8.478128671646118164e+00
8.609987735748291016e+00
8.767182111740112305e+00
8.943409919738769531e+00
9.125055551528930664e+00
9.420725345611572266e+00
9.603455066680908203e+00
9.817600488662719727e+00
1.005570125579833984e+01
1.041927695274353027e+01
1.082965564727783203e+01
1.114772486686706543e+01
1.145147180557250977e+01
1.166249179840087891e+01
1.192472887039184570e+01
1.211936140060424805e+01
1.229512190818786621e+01
1.251158523559570312e+01
1.285463786125183105e+01
1.318313121795654297e+01
1.341092419624328613e+01
1.362883615493774414e+01
1.386171126365661621e+01
1.428568792343139648e+01
1.458613443374633789e+01
1.491995692253112793e+01
1.524602246284484863e+01
1.552797532081604004e+01
1.586440610885620117e+01
1.602550554275512695e+01
1.622133612632751465e+01
1.642447233200073242e+01
1.662939810752868652e+01
1.682503056526184082e+01
1.699853396415710449e+01
1.719961547851562500e+01
1.736087346076965332e+01
1.752409815788269043e+01
1.768973445892333984e+01
1.784027791023254395e+01
1.803649663925170898e+01
1.829221367835998535e+01
1.846578335762023926e+01
1.866768360137939453e+01
1.887218904495239258e+01
1.905388426780700684e+01
1.935340857505798340e+01
1.950819015502929688e+01
1.968742537498474121e+01
1.983915376663208008e+01
2.001786375045776367e+01
2.023913908004760742e+01
2.050378608703613281e+01
2.070674204826354980e+01
2.085732913017272949e+01
2.101746249198913574e+01
2.134804916381835938e+01
2.159147739410400391e+01
2.178066778182983398e+01
2.207580828666687012e+01
2.229952406883239746e+01
2.248195862770080566e+01
2.266897797584533691e+01
2.285876464843750000e+01
2.302450585365295410e+01
