1.940727233886718750e-04
8.357930183410644531e-02
7.470767498016357422e-01
9.447927474975585938e-01
1.132560491561889648e+00
1.414498567581176758e+00
1.647008419036865234e+00
1.880087852478027344e+00
2.055156469345092773e+00
2.250267028808593750e+00
2.440869569778442383e+00
2.688517570495605469e+00
2.884798765182495117e+00
3.065608263015747070e+00
3.299015045166015625e+00
3.533926486968994141e+00
3.731419086456298828e+00
3.925501346588134766e+00
4.114454507827758789e+00
4.357382774353027344e+00
4.585035085678100586e+00
4.805566072463989258e+00
5.036879301071166992e+00
5.563766717910766602e+00
5.747352600097656250e+00
5.943720579147338867e+00
6.216279029846191406e+00
6.388991594314575195e+00
6.608205795288085938e+00
6.938717126846313477e+00
7.232371807098388672e+00
7.545144081115722656e+00
7.745658874511718750e+00
7.960731744766235352e+00
8.211757659912109375e+00
8.422775983810424805e+00
8.590274572372436523e+00
8.724064350128173828e+00
8.881560802459716797e+00
9.063966512680053711e+00
9.351308584213256836e+00
9.552501678466796875e+00
9.751620054244995117e+00
9.952262878417968750e+00
1.028141450881958008e+01
1.068580079078674316e+01
1.103681969642639160e+01
1.136399888992309570e+01
1.160469675064086914e+01
1.179446792602539062e+01
1.206671714782714844e+01
1.225953674316406250e+01
1.245285630226135254e+01
1.274579453468322754e+01
1.305750727653503418e+01
1.336128664016723633e+01
1.357987093925476074e+01
1.379800820350646973e+01
1.411923861503601074e+01
1.450102782249450684e+01
1.480498600006103516e+01
1.511256909370422363e+01
1.544393396377563477e+01
1.573743391036987305e+01
1.598899579048156738e+01
1.612696123123168945e+01
1.637139487266540527e+01
1.656767511367797852e+01
1.676020336151123047e+01
1.694576835632324219e+01
1.713065528869628906e+01
1.732097291946411133e+01
1.747490930557250977e+01
1.762942409515380859e+01
1.778416085243225098e+01
1.797801518440246582e+01
1.819514155387878418e+01
1.840858244895935059e+01
1.860923910140991211e+01
1.881389069557189941e+01
1.899709391593933105e+01
1.928423643112182617e+01
1.945962357521057129e+01
1.963428163528442383e+01
1.979737949371337891e+01
1.996215248107910156e+01
2.012675023078918457e+01
2.035438108444213867e+01
2.066408824920654297e+01
2.082274699211120605e+01
2.098417901992797852e+01
2.120112395286560059e+01
2.155474686622619629e+01
2.173299360275268555e+01
2.197581338882446289e+01
2.227139401435852051e+01
2.244593596458435059e+01
2.262110972404479980e+01
2.280934214591979980e+01
2.296972870826721191e+01
