1.523494720458984375e-04
2.618479728698730469e-02
3.891839981079101562e-01
5.777726173400878906e-01
7.715661525726318359e-01
1.020572900772094727e+00
1.265794277191162109e+00
1.488154411315917969e+00
1.695532321929931641e+00
1.888586282730102539e+00
2.082408905029296875e+00
2.264420747756958008e+00
2.532875776290893555e+00
2.719102144241333008e+00
2.928825616836547852e+00
3.179949998855590820e+00
3.368836879730224609e+00
3.570296287536621094e+00
3.754646778106689453e+00
3.983340263366699219e+00
4.208911657333374023e+00
4.413655996322631836e+00
4.648313999176025391e+00
5.102408170700073242e+00
5.398573875427246094e+00
5.593533515930175781e+00
5.812454462051391602e+00
6.042531967163085938e+00
6.272823810577392578e+00
6.573484420776367188e+00
6.795226573944091797e+00
7.146146535873413086e+00
7.375127792358398438e+00
7.597651243209838867e+00
7.789076805114746094e+00
8.053468704223632812e+00
8.246870517730712891e+00
8.386450052261352539e+00
8.521415233612060547e+00
8.713468074798583984e+00
8.960317850112915039e+00
9.180777072906494141e+00
9.374012470245361328e+00
9.605299711227416992e+00
9.832689046859741211e+00
1.022297906875610352e+01
1.064070391654968262e+01
1.098720097541809082e+01
1.122419261932373047e+01
1.143365168571472168e+01
1.172177553176879883e+01
1.190877270698547363e+01
1.207823991775512695e+01
1.236379647254943848e+01
1.264642214775085449e+01
1.300830721855163574e+01
1.321855640411376953e+01
1.340971565246582031e+01
1.364591360092163086e+01
1.407518124580383301e+01
1.438104462623596191e+01
1.472123813629150391e+01
1.504404044151306152e+01
1.532038569450378418e+01
1.563496112823486328e+01
1.578749132156372070e+01
1.600249171257019043e+01
1.620545291900634766e+01
1.640472579002380371e+01
1.660136485099792480e+01
1.677981567382812500e+01
1.697319173812866211e+01
1.713879370689392090e+01
1.729829907417297363e+01
1.744350719451904297e+01
1.761483216285705566e+01
1.780424571037292480e+01
1.805558800697326660e+01
1.826608538627624512e+01
1.844202613830566406e+01
1.864874529838562012e+01
1.882806205749511719e+01
1.910990452766418457e+01
1.928848433494567871e+01
1.944698548316955566e+01
1.960402727127075195e+01
1.980143022537231445e+01
2.001087212562561035e+01
2.031613636016845703e+01
2.048801732063293457e+01
2.062546634674072266e+01
2.079362988471984863e+01
2.115498828887939453e+01
2.137695741653442383e+01
2.154784083366394043e+01
2.185731792449951172e+01
2.208673310279846191e+01
2.225466132164001465e+01
2.244704699516296387e+01
2.262850594520568848e+01
