3.666385629704608959e+02
1.638994579323905043e+02
6.456888995569460121e+01
3.922395152835689203e+01
3.058210298427719920e+01
2.705071988900425950e+01
2.540650720459980505e+01
2.457240244644226479e+01
2.407174305176915396e+01
2.374080040426174776e+01
2.348254307037724331e+01
2.326639909997245326e+01
2.309147074228683749e+01
2.293305029046146615e+01
2.278785510363124445e+01
2.265278515946802429e+01
2.252406484379045537e+01
2.240648509036425651e+01
2.229394604643081124e+01
2.218588339650164798e+01
2.208332241512772143e+01
2.198451256381063246e+01
2.189237582811376726e+01
2.180101004858619618e+01
2.171612477766936422e+01
2.163724152338937401e+01
2.156399663108197728e+01
2.149509805899609916e+01
2.142911517442810521e+01
2.136485014058200704e+01
2.130475708794444856e+01
2.124971133383530741e+01
2.120124993520998657e+01
2.115757749928166831e+01
2.111677338650701685e+01
2.107529290258219135e+01
2.103488419469616133e+01
2.099595348264643846e+01
2.095815050157489168e+01
2.092469662975213396e+01
2.088971287622153028e+01
2.085639269004597196e+01
2.082691622258127495e+01
2.079657366270322782e+01
2.076675249775582799e+01
2.073962697737077931e+01
2.071426317692657548e+01
2.068909253055086239e+01
2.066642618931320641e+01
2.064453257790711760e+01
2.062134430835133969e+01
2.060028326891315231e+01
2.058031198524089334e+01
2.056007036158203505e+01
2.054012991493847551e+01
2.052252699114163548e+01
2.050595385536863802e+01
2.049073735121579531e+01
2.047426168367640997e+01
2.045913443065276027e+01
2.044437162063239555e+01
2.042899483971129371e+01
2.041495376068620970e+01
2.040126886287946206e+01
2.038696575130003197e+01
2.037463291608705163e+01
2.036225615003687750e+01
2.035179840024757070e+01
2.034106606119518901e+01
2.033093777606040220e+01
2.032237795215439746e+01
2.031257349542379842e+01
2.030399526647514818e+01
2.029451075744849931e+01
2.028595912018527514e+01
2.027616307650484373e+01
2.026821452693571146e+01
2.026119296038101325e+01
2.025355283395161621e+01
2.024620964193428563e+01
2.023887535709351582e+01
2.023246360672719746e+01
2.022605951496827714e+01
2.021994855255619683e+01
2.021384443464677716e+01
2.020649373796568682e+01
2.020006145178702894e+01
2.019517223080937285e+01
2.018840953583499243e+01
2.018353084764393301e+01
2.017677968542279032e+01
2.017185119592283371e+01
2.016846032791170273e+01
2.016535478096134071e+01
2.015890445317971569e+01
2.015517982661837237e+01
2.015236453674729944e+01
2.014955141099806468e+01
2.014611537355438031e+01
2.014080689692485038e+01
