6.140439387738077130e+03
1.625268983296218721e+02
6.482423636982687754e+01
4.112501655584353699e+01
3.281228672890905784e+01
2.944238534439610788e+01
2.792312472770838383e+01
2.705839634051645248e+01
2.651689120426046031e+01
2.615317327595203523e+01
2.588670751306236895e+01
2.566445388323256793e+01
2.547498426577010378e+01
2.530574372461954269e+01
2.515460194048734621e+01
2.501751060467407939e+01
2.488927923610359727e+01
2.476983637138425820e+01
2.465623188311107583e+01
2.454954045700263876e+01
2.444851890963417773e+01
2.434983727990950797e+01
2.426070879689230253e+01
2.417340144313287098e+01
2.409770928987518346e+01
2.402903071296795190e+01
2.396426995332353727e+01
2.390345985686720809e+01
2.384676437150207562e+01
2.379625329180070992e+01
2.375211530964022444e+01
2.371489035821024061e+01
2.367793489056103695e+01
2.364371880736592502e+01
2.361188334711888714e+01
2.357932667132136828e+01
2.354758128923419136e+01
2.351695316354810217e+01
2.348710712479071461e+01
2.346076203277034722e+01
2.343304271048492282e+01
2.340688157871032971e+01
2.338466792762700663e+01
2.336154328600659369e+01
2.333880085105765545e+01
2.331829804981550325e+01
2.329779683655217326e+01
2.327672666928819467e+01
2.325786565081233093e+01
2.323963054021555763e+01
2.322161855901428140e+01
2.320578662734204656e+01
2.319087782511008911e+01
2.317547625122338673e+01
2.316011818247363863e+01
2.314654007972024985e+01
2.313386709858253099e+01
2.312233248458153412e+01
2.310957140696198309e+01
2.309794207348841510e+01
2.308657601634952528e+01
2.307460910651535713e+01
2.306376380863231290e+01
2.305317513470809487e+01
2.304198211154890785e+01
2.303318019506074421e+01
2.302435874644128333e+01
2.301674296299288613e+01
2.300895083966364751e+01
2.300155163543831804e+01
2.299558890542677148e+01
2.298840216109814705e+01
2.298222025679680769e+01
2.297569505311629356e+01
2.297018419893622365e+01
2.296349067900446528e+01
2.295904377535108409e+01
2.295531773578438361e+01
2.295100994090662994e+01
2.294683468037217011e+01
2.294266451479014535e+01
2.293942502812070927e+01
2.293630320123269328e+01
2.293328842724812944e+01
2.293027776666649942e+01
2.292600051194707689e+01
2.292246468509858914e+01
2.292030452149487374e+01
2.291624211965203983e+01
2.291408827624268341e+01
2.291003263491570863e+01
2.290745172207571656e+01
2.290624351884561349e+01
2.290513777789733041e+01
2.290119349457903652e+01
2.289945673344422516e+01
2.289845637743021456e+01
2.289745742413877849e+01
2.289582506719612098e+01
2.289229001133744390e+01
