3.471130897236398596e+02
1.766256086310135629e+02
7.187634249623340565e+01
4.462604177900859526e+01
3.471374137020568185e+01
3.041735446709279600e+01
2.829116880501615938e+01
2.707980966405385814e+01
2.632414442422746959e+01
2.581248479264867157e+01
2.542934768560894199e+01
2.510728203061272268e+01
2.483105191567078407e+01
2.458100237028591550e+01
2.435471996562774777e+01
2.415056790981427781e+01
2.395675453305618774e+01
2.378065361548495105e+01
2.361498809934503740e+01
2.346095832883446874e+01
2.331536598159239304e+01
2.317345450641099447e+01
2.304075974598656273e+01
2.290763931284331534e+01
2.278344291808718580e+01
2.266242206493987865e+01
2.255078891766344285e+01
2.244798101859128536e+01
2.235221076531708206e+01
2.226158028209259498e+01
2.217544244664116349e+01
2.209648367416207293e+01
2.202018668589203543e+01
2.195213585997228023e+01
2.188915506801765787e+01
2.182590127910444977e+01
2.176439317669971274e+01
2.170526027404491742e+01
2.164779882740577222e+01
2.159614748495395986e+01
2.154292665868688061e+01
2.149295109178071783e+01
2.144831777709920217e+01
2.140286395864384161e+01
2.136006992236182356e+01
2.132102378854185787e+01
2.128371197920326097e+01
2.124750996637337863e+01
2.121465088815489608e+01
2.118299407972229176e+01
2.114992769218662971e+01
2.112169740473218837e+01
2.109483747050479963e+01
2.106795180612514429e+01
2.104115680462143700e+01
2.101696283952858124e+01
2.099410216173864185e+01
2.097303904894806692e+01
2.095048388331994005e+01
2.092971184823843345e+01
2.090946663007661144e+01
2.088850008834947047e+01
2.086929561277936429e+01
2.085060351213171259e+01
2.083118159446537021e+01
2.081427960790171383e+01
2.079664198050758372e+01
2.078119172999996067e+01
2.076531928146291506e+01
2.075039073024516867e+01
2.073749706250143277e+01
2.072308014916506025e+01
2.071036864206091366e+01
2.069645580299592069e+01
2.068383122530408258e+01
2.066992430201479536e+01
2.065861507157250188e+01
2.064853804825050787e+01
2.063769078304558491e+01
2.062728424511560377e+01
2.061689380733910326e+01
2.060772806270137281e+01
2.059857648274334352e+01
2.058985884815533751e+01
2.058115382600130161e+01
2.057088770989326676e+01
2.056183908295038520e+01
2.055479192924223142e+01
2.054539510891279974e+01
2.053839001043201762e+01
2.052923898979848971e+01
2.052242707946964373e+01
2.051754366379757499e+01
2.051307253015486509e+01
2.050436055195263307e+01
2.049914389655636882e+01
2.049509414194305634e+01
2.049104858240353622e+01
2.048625017737833787e+01
2.047918534203965635e+01
