1.502429068771132052e+03
1.799476216374490605e+02
7.340987008964771121e+01
4.644542897481383648e+01
3.690059362463090764e+01
3.258208722978251615e+01
3.043119240334839404e+01
2.918754293566676949e+01
2.840760485667220081e+01
2.787079080081913318e+01
2.746316956292032785e+01
2.712107852664999541e+01
2.682958869785555933e+01
2.656495091677957276e+01
2.632776166891958525e+01
2.610784070547845204e+01
2.589922986246869030e+01
2.571015977595945401e+01
2.553373591324327663e+01
2.536644757669300532e+01
2.520793491274024589e+01
2.505701366202059788e+01
2.491833571780186674e+01
2.477917326291822064e+01
2.465518547771740998e+01
2.453604589443774486e+01
2.442363822331137158e+01
2.431924483210592669e+01
2.422428305904078627e+01
2.413384330390411492e+01
2.404840208705894966e+01
2.396761270933232879e+01
2.388799255343555572e+01
2.381694049307631644e+01
2.375155672917240324e+01
2.368550129188988151e+01
2.362124825378109705e+01
2.355955341652096280e+01
2.350032226820983894e+01
2.344715244075499072e+01
2.339214423959993994e+01
2.333967321840290765e+01
2.329332765953627415e+01
2.324762700644527769e+01
2.320349628124879615e+01
2.316315895842238604e+01
2.312333058951729825e+01
2.308278966163780410e+01
2.304597557352025561e+01
2.301050241772528437e+01
2.297340808692758785e+01
2.293938979159159430e+01
2.290696106674675647e+01
2.287465745549656759e+01
2.284245831043056540e+01
2.281327746489883168e+01
2.278564308257391602e+01
2.276042531044344130e+01
2.273412041156748131e+01
2.270985337569707241e+01
2.268641296724927869e+01
2.266246756799405659e+01
2.264048968059853451e+01
2.261910706831528373e+01
2.259695599742830296e+01
2.257757202665904828e+01
2.255741309924204074e+01
2.253971967698040402e+01
2.252153143344211372e+01
2.250444358271726131e+01
2.248955756245552351e+01
2.247306402431609484e+01
2.245847445508421458e+01
2.244256685763500059e+01
2.242803094994949475e+01
2.241188559535751779e+01
2.239844737446524903e+01
2.238636972646661150e+01
2.237349434824592365e+01
2.236115845762775578e+01
2.234884036023446541e+01
2.233787434537234162e+01
2.232692387372728859e+01
2.231650534606980329e+01
2.230610066578147865e+01
2.229407881004203418e+01
2.228340096566243034e+01
2.227487924182429069e+01
2.226392331637531541e+01
2.225542290154020364e+01
2.224448944064895528e+01
2.223621735815581246e+01
2.223044617559455816e+01
2.222522397167398722e+01
2.221537115637514148e+01
2.220935759197560699e+01
2.220462550638236365e+01
2.219989768575883460e+01
2.219437099462037466e+01
2.218643986937588863e+01
