2.350807189941406250e-04
5.133414268493652344e-02
1.874897480010986328e-01
2.969326972961425781e-01
4.305524826049804688e-01
5.791842937469482422e-01
6.673874855041503906e-01
7.619240283966064453e-01
8.903141021728515625e-01
1.020361661911010742e+00
1.099181890487670898e+00
1.172358274459838867e+00
1.244000196456909180e+00
1.337128639221191406e+00
1.464563608169555664e+00
1.578309297561645508e+00
1.747988224029541016e+00
1.915529966354370117e+00
2.078878879547119141e+00
2.248825311660766602e+00
2.419370651245117188e+00
2.569865465164184570e+00
2.731999635696411133e+00
2.859007835388183594e+00
3.016633033752441406e+00
3.076567173004150391e+00
3.184677362442016602e+00
3.404259204864501953e+00
3.540082454681396484e+00
3.702488422393798828e+00
3.845593452453613281e+00
4.029730319976806641e+00
4.180619001388549805e+00
4.346382856369018555e+00
4.605215787887573242e+00
4.725749254226684570e+00
4.950047016143798828e+00
5.086883783340454102e+00
5.242509365081787109e+00
5.417287349700927734e+00
5.565193176269531250e+00
5.708755970001220703e+00
5.857024192810058594e+00
5.983283758163452148e+00
6.076296567916870117e+00
6.175381422042846680e+00
6.304200172424316406e+00
6.408029317855834961e+00
6.536888360977172852e+00
6.647201776504516602e+00
6.700063228607177734e+00
6.801059484481811523e+00
6.896369457244873047e+00
6.996820449829101562e+00
7.063052415847778320e+00
7.157671213150024414e+00
7.263508081436157227e+00
7.365941524505615234e+00
7.487598419189453125e+00
7.581272602081298828e+00
7.719481229782104492e+00
7.835277795791625977e+00
7.954864978790283203e+00
8.081223249435424805e+00
8.199081182479858398e+00
8.331597566604614258e+00
8.446778774261474609e+00
8.553657054901123047e+00
8.693001747131347656e+00
8.806131839752197266e+00
8.951290607452392578e+00
9.107181549072265625e+00
9.229995012283325195e+00
9.360391378402709961e+00
9.480411052703857422e+00
9.601840972900390625e+00
9.730958223342895508e+00
9.863863706588745117e+00
1.002403855323791504e+01
1.014926099777221680e+01
1.029632258415222168e+01
1.043074393272399902e+01
1.058321237564086914e+01
1.069828677177429199e+01
1.079298520088195801e+01
1.093902468681335449e+01
1.109338331222534180e+01
1.119881272315979004e+01
1.133552694320678711e+01
1.150183820724487305e+01
1.161664795875549316e+01
1.171174359321594238e+01
1.181707549095153809e+01
1.190519642829895020e+01
1.202274870872497559e+01
1.216578960418701172e+01
1.229649758338928223e+01
1.241514539718627930e+01
1.251435303688049316e+01
1.264556956291198730e+01
