1.754760742187500000e-04
5.121147632598876953e-01
6.119728088378906250e-01
7.616245746612548828e-01
8.782956600189208984e-01
1.015029430389404297e+00
1.124539375305175781e+00
1.221506595611572266e+00
1.350023508071899414e+00
1.478410482406616211e+00
1.553414821624755859e+00
1.640762329101562500e+00
1.719435930252075195e+00
1.780035018920898438e+00
1.914022684097290039e+00
2.038528680801391602e+00
2.144368886947631836e+00
2.353231906890869141e+00
2.548366308212280273e+00
2.683996438980102539e+00
2.859805345535278320e+00
3.022082805633544922e+00
3.190003156661987305e+00
3.327783346176147461e+00
3.500272989273071289e+00
3.581116199493408203e+00
3.722378253936767578e+00
3.862511396408081055e+00
4.017877340316772461e+00
4.166928291320800781e+00
4.308405160903930664e+00
4.455893278121948242e+00
4.619268655776977539e+00
4.788530349731445312e+00
4.983784914016723633e+00
5.160047769546508789e+00
5.348917007446289062e+00
5.534940719604492188e+00
5.727862358093261719e+00
5.885987281799316406e+00
6.044971466064453125e+00
6.224471330642700195e+00
6.355218172073364258e+00
6.486230134963989258e+00
6.572579860687255859e+00
6.675748109817504883e+00
6.800478935241699219e+00
6.925782203674316406e+00
7.024458885192871094e+00
7.141854763031005859e+00
7.228951215744018555e+00
7.298461437225341797e+00
7.391873359680175781e+00
7.498659133911132812e+00
7.569365739822387695e+00
7.655053377151489258e+00
7.773448705673217773e+00
7.863839149475097656e+00
7.984439611434936523e+00
8.108695745468139648e+00
8.239499092102050781e+00
8.334536790847778320e+00
8.454316854476928711e+00
8.579959392547607422e+00
8.720520257949829102e+00
8.856782197952270508e+00
8.960182905197143555e+00
9.123725652694702148e+00
9.231139183044433594e+00
9.350999593734741211e+00
9.511154651641845703e+00
9.631509780883789062e+00
9.751885652542114258e+00
9.905112266540527344e+00
1.000095224380493164e+01
1.012066340446472168e+01
1.026014924049377441e+01
1.037292814254760742e+01
1.053513741493225098e+01
1.067598676681518555e+01
1.081130361557006836e+01
1.094609951972961426e+01
1.110552620887756348e+01
1.119894599914550781e+01
1.132010245323181152e+01
1.147976493835449219e+01
1.161038231849670410e+01
1.172114396095275879e+01
1.185975456237792969e+01
1.199056410789489746e+01
1.208051180839538574e+01
1.219502854347229004e+01
1.230322551727294922e+01
1.236566185951232910e+01
1.250724458694458008e+01
1.262670493125915527e+01
1.275393414497375488e+01
1.288272738456726074e+01
1.299404191970825195e+01
1.311760878562927246e+01
