3.116130828857421875e-04
3.576507568359375000e-01
4.826514720916748047e-01
6.135923862457275391e-01
7.470824718475341797e-01
8.721618652343750000e-01
9.849364757537841797e-01
1.079312801361083984e+00
1.192314147949218750e+00
1.339906454086303711e+00
1.418837070465087891e+00
1.482702970504760742e+00
1.561750888824462891e+00
1.653783321380615234e+00
1.767047882080078125e+00
1.891656160354614258e+00
2.016551733016967773e+00
2.206988334655761719e+00
2.384833574295043945e+00
2.528963804244995117e+00
2.698567152023315430e+00
2.878271102905273438e+00
3.038167238235473633e+00
3.165699005126953125e+00
3.343442201614379883e+00
3.456097841262817383e+00
3.581396341323852539e+00
3.722704410552978516e+00
3.857763528823852539e+00
4.000506639480590820e+00
4.145063161849975586e+00
4.320677042007446289e+00
4.463874101638793945e+00
4.646946907043457031e+00
4.841997146606445312e+00
5.015191555023193359e+00
5.215181827545166016e+00
5.402865409851074219e+00
5.522431850433349609e+00
5.673201799392700195e+00
5.838900566101074219e+00
5.987190961837768555e+00
6.139332532882690430e+00
6.281387090682983398e+00
6.365046262741088867e+00
6.450367927551269531e+00
6.589025735855102539e+00
6.693581104278564453e+00
6.808605432510375977e+00
6.919966220855712891e+00
7.010658979415893555e+00
7.090098857879638672e+00
7.173871517181396484e+00
7.318681240081787109e+00
7.384263515472412109e+00
7.487763643264770508e+00
7.615188837051391602e+00
7.703388929367065430e+00
7.823313236236572266e+00
7.951180934906005859e+00
8.096150159835815430e+00
8.177057981491088867e+00
8.330728769302368164e+00
8.441164255142211914e+00
8.585631847381591797e+00
8.693216323852539062e+00
8.804089546203613281e+00
8.948852777481079102e+00
9.033292770385742188e+00
9.175591707229614258e+00
9.332252740859985352e+00
9.448866844177246094e+00
9.574181795120239258e+00
9.718534469604492188e+00
9.820502996444702148e+00
9.946167945861816406e+00
1.009162545204162598e+01
1.022722721099853516e+01
1.037248992919921875e+01
1.053267359733581543e+01
1.067329311370849609e+01
1.081087303161621094e+01
1.094499540328979492e+01
1.105317711830139160e+01
1.115921115875244141e+01
1.132742953300476074e+01
1.145163893699645996e+01
1.156538200378417969e+01
1.169935750961303711e+01
1.182785820960998535e+01
1.194447684288024902e+01
1.203831815719604492e+01
1.214478969573974609e+01
1.223532652854919434e+01
1.235008478164672852e+01
1.248699259757995605e+01
1.261409711837768555e+01
1.273227310180664062e+01
1.283256244659423828e+01
1.295564103126525879e+01
