7.238388061523437500e-04
8.067400455474853516e-01
9.074516296386718750e-01
1.062134265899658203e+00
1.179608583450317383e+00
1.312942743301391602e+00
1.423880100250244141e+00
1.520177602767944336e+00
1.652994632720947266e+00
1.777168273925781250e+00
1.856010198593139648e+00
1.943835258483886719e+00
2.009114265441894531e+00
2.080752611160278320e+00
2.213289737701416016e+00
2.322911500930786133e+00
2.442461490631103516e+00
2.645119905471801758e+00
2.869318962097167969e+00
3.025406837463378906e+00
3.190892219543457031e+00
3.357561111450195312e+00
3.520963430404663086e+00
3.646005392074584961e+00
3.810535669326782227e+00
3.888921499252319336e+00
4.021057367324829102e+00
4.142404317855834961e+00
4.298211574554443359e+00
4.440596580505371094e+00
4.592174291610717773e+00
4.725983142852783203e+00
4.877520799636840820e+00
5.079100370407104492e+00
5.275970697402954102e+00
5.452917575836181641e+00
5.632396936416625977e+00
5.822796344757080078e+00
5.970749855041503906e+00
6.123795986175537109e+00
6.298615694046020508e+00
6.464963674545288086e+00
6.620718479156494141e+00
6.759404420852661133e+00
6.864945888519287109e+00
6.933773279190063477e+00
7.069049596786499023e+00
7.194118022918701172e+00
7.288089513778686523e+00
7.392287731170654297e+00
7.485936880111694336e+00
7.589231014251708984e+00
7.654009103775024414e+00
7.798104047775268555e+00
7.873337268829345703e+00
7.963493347167968750e+00
8.093612909317016602e+00
8.189078569412231445e+00
8.338992834091186523e+00
8.431537151336669922e+00
8.572467088699340820e+00
8.647980690002441406e+00
8.789405107498168945e+00
8.905673980712890625e+00
9.019408226013183594e+00
9.124280691146850586e+00
9.239773511886596680e+00
9.344286203384399414e+00
9.471641063690185547e+00
9.597805023193359375e+00
9.733991146087646484e+00
9.879040479660034180e+00
1.001049995422363281e+01
1.014493727684020996e+01
1.026784181594848633e+01
1.039176344871520996e+01
1.051740050315856934e+01
1.063785386085510254e+01
1.081452417373657227e+01
1.093970584869384766e+01
1.107853388786315918e+01
1.121582674980163574e+01
1.136410427093505859e+01
1.148948240280151367e+01
1.157992625236511230e+01
1.172756409645080566e+01
1.187603569030761719e+01
1.199124526977539062e+01
1.211338281631469727e+01
1.226435089111328125e+01
1.237694478034973145e+01
1.246181058883666992e+01
1.256595921516418457e+01
1.265908193588256836e+01
1.276430320739746094e+01
1.291556310653686523e+01
1.304730987548828125e+01
1.317376351356506348e+01
1.326067972183227539e+01
1.339239454269409180e+01
